Round: 1, Attack Type: Statistical Attack, Error: 0, Time: 0.1329481601715088, NFound: 10, Coef: 10
Round: 2, Attack Type: Statistical Attack, Error: 0, Time: 0.16671299934387207, NFound: 10, Coef: 10
