Round: 1, Attack Type: Statistical Attack, Error: 0, Time: 0.07097291946411133, NFound: 10, Coef: 10
Round: 2, Attack Type: Statistical Attack, Error: 0, Time: 0.08676004409790039, NFound: 9, Coef: 8
