Round: 1, Attack Type: Statistical Attack, Error: 0, Time: 0.10288095474243164, NFound: 5, Coef: 8
Round: 2, Attack Type: Statistical Attack, Error: 0, Time: 0.13028717041015625, NFound: 10, Coef: 10
