Round: 1, Attack Type: Statistical Attack, Error: 0, Time: 0.1035757064819336, NFound: 10, Coef: 10
Round: 2, Attack Type: Statistical Attack, Error: 0, Time: 0.09557175636291504, NFound: 10, Coef: 10
