Round: 1, Attack Type: Statistical Attack, Error: 0, Time: 0.07431602478027344, NFound: 5, Coef: 8
Round: 2, Attack Type: Statistical Attack, Error: 0, Time: 0.07679367065429688, NFound: 10, Coef: 10
