Round: 1, Attack Type: Statistical Attack, Error: 0, Time: 0.07660412788391113, NFound: 10, Coef: 10
Round: 2, Attack Type: Statistical Attack, Error: 0, Time: 0.0784146785736084, NFound: 10, Coef: 10
