Round: 1, Attack Type: Statistical Attack, Error: 0, Time: 0.08837199211120605, NFound: 10, Coef: 10
Round: 2, Attack Type: Statistical Attack, Error: 0, Time: 0.0957479476928711, NFound: 10, Coef: 10
