Round: 1, Attack Type: Statistical Attack, Error: 0, Time: 0.08175015449523926, NFound: 10, Coef: 10
Round: 2, Attack Type: Statistical Attack, Error: 0, Time: 0.08354687690734863, NFound: 10, Coef: 10
