Round: 1, Attack Type: Statistical Attack, Error: 0, Time: 0.0907590389251709, NFound: 10, Coef: 10
Round: 2, Attack Type: Statistical Attack, Error: 0, Time: 0.10052800178527832, NFound: 10, Coef: 10
