Round: 1, Attack Type: Statistical Attack, Error: 0, Time: 0.08045721054077148, NFound: 5, Coef: 8
Round: 2, Attack Type: Statistical Attack, Error: 0, Time: 0.0916447639465332, NFound: 10, Coef: 10
