Round: 1, Attack Type: Statistical Attack, Error: 0, Time: 0.08062100410461426, NFound: 5, Coef: 8
Round: 2, Attack Type: Statistical Attack, Error: 0, Time: 0.07640981674194336, NFound: 10, Coef: 10
