Round: 1, Attack Type: Statistical Attack, Error: 0, Time: 0.07275915145874023, NFound: 10, Coef: 10
Round: 2, Attack Type: Statistical Attack, Error: 0, Time: 0.08558201789855957, NFound: 10, Coef: 10
