Round: 1, Attack Type: Statistical Attack, Error: 0, Time: 0.0989530086517334, NFound: 5, Coef: 8
Round: 2, Attack Type: Statistical Attack, Error: 0, Time: 0.10853815078735352, NFound: 10, Coef: 10
