Round: 1, Attack Type: Statistical Attack, Error: 0, Time: 0.07134532928466797, NFound: 10, Coef: 10
Round: 2, Attack Type: Statistical Attack, Error: 0, Time: 0.07325315475463867, NFound: 10, Coef: 10
