Round: 1, Attack Type: Statistical Attack, Error: 0, Time: 0.06281924247741699, NFound: 5, Coef: 8
Round: 2, Attack Type: Statistical Attack, Error: 0, Time: 0.06653404235839844, NFound: 10, Coef: 10
