Round: 1, Attack Type: Statistical Attack, Error: 0, Time: 0.07742500305175781, NFound: 5, Coef: 8
Round: 2, Attack Type: Statistical Attack, Error: 0, Time: 0.08919095993041992, NFound: 10, Coef: 10
