Round: 1, Attack Type: Statistical Attack, Error: 0, Time: 0.08977174758911133, NFound: 9, Coef: 9
Round: 2, Attack Type: Statistical Attack, Error: 0, Time: 0.0849459171295166, NFound: 10, Coef: 10
