Round: 1, Attack Type: Statistical Attack, Error: 0, Time: 0.07051634788513184, NFound: 5, Coef: 8
Round: 2, Attack Type: Statistical Attack, Error: 0, Time: 0.08134984970092773, NFound: 10, Coef: 10
