Round: 1, Attack Type: Statistical Attack, Error: 0, Time: 0.12056589126586914, NFound: 10, Coef: 10
Round: 2, Attack Type: Statistical Attack, Error: 0, Time: 0.11743998527526855, NFound: 10, Coef: 10
