Round: 1, Attack Type: Statistical Attack, Error: 0, Time: 0.10128211975097656, NFound: 10, Coef: 10
Round: 2, Attack Type: Statistical Attack, Error: 0, Time: 0.10234189033508301, NFound: 10, Coef: 10
