Round: 1, Attack Type: Statistical Attack, Error: 0, Time: 0.25932884216308594, NFound: 5, Coef: 8
Round: 2, Attack Type: Statistical Attack, Error: 0, Time: 0.17355084419250488, NFound: 10, Coef: 10
