Round: 1, Attack Type: Statistical Attack, Error: 0, Time: 0.08169293403625488, NFound: 5, Coef: 8
Round: 2, Attack Type: Statistical Attack, Error: 0, Time: 0.08830094337463379, NFound: 10, Coef: 10
