Round: 1, Attack Type: Statistical Attack, Error: 0, Time: 0.10985803604125977, NFound: 10, Coef: 10
Round: 2, Attack Type: Statistical Attack, Error: 0, Time: 0.11650800704956055, NFound: 10, Coef: 10
