Round: 1, Attack Type: Statistical Attack, Error: 0, Time: 0.08716487884521484, NFound: 10, Coef: 10
Round: 2, Attack Type: Statistical Attack, Error: 0, Time: 0.0994110107421875, NFound: 10, Coef: 10
