Round: 1, Attack Type: Statistical Attack, Error: 0, Time: 0.10732173919677734, NFound: 10, Coef: 10
Round: 2, Attack Type: Statistical Attack, Error: 0, Time: 0.10435318946838379, NFound: 10, Coef: 10
