Round: 1, Attack Type: Statistical Attack, Error: 0, Time: 0.07608819007873535, NFound: 5, Coef: 8
Round: 2, Attack Type: Statistical Attack, Error: 0, Time: 0.08541297912597656, NFound: 10, Coef: 10
