Round: 1, Attack Type: Statistical Attack, Error: 0, Time: 0.08100175857543945, NFound: 10, Coef: 10
Round: 2, Attack Type: Statistical Attack, Error: 0, Time: 0.09490585327148438, NFound: 10, Coef: 10
