Round: 1, Attack Type: Statistical Attack, Error: 0, Time: 0.08038496971130371, NFound: 10, Coef: 10
Round: 2, Attack Type: Statistical Attack, Error: 0, Time: 0.07677793502807617, NFound: 10, Coef: 10
