Round: 1, Attack Type: Statistical Attack, Error: 0, Time: 0.07431316375732422, NFound: 10, Coef: 10
Round: 2, Attack Type: Statistical Attack, Error: 0, Time: 0.07759308815002441, NFound: 10, Coef: 10
