Round: 1, Attack Type: Statistical Attack, Error: 0, Time: 0.08212518692016602, NFound: 10, Coef: 10
Round: 2, Attack Type: Statistical Attack, Error: 0, Time: 0.07727265357971191, NFound: 10, Coef: 10
