Round: 1, Attack Type: Statistical Attack, Error: 0, Time: 0.07647895812988281, NFound: 5, Coef: 8
Round: 2, Attack Type: Statistical Attack, Error: 0, Time: 0.08232235908508301, NFound: 10, Coef: 10
