Round: 1, Attack Type: Statistical Attack, Error: 0, Time: 0.09205079078674316, NFound: 10, Coef: 10
Round: 2, Attack Type: Statistical Attack, Error: 0, Time: 0.10350775718688965, NFound: 10, Coef: 10
