Round: 1, Attack Type: Statistical Attack, Error: 0, Time: 0.10042095184326172, NFound: 10, Coef: 10
Round: 2, Attack Type: Statistical Attack, Error: 0, Time: 0.1189279556274414, NFound: 10, Coef: 10
