Round: 1, Attack Type: Statistical Attack, Error: 0, Time: 0.0979621410369873, NFound: 10, Coef: 10
Round: 2, Attack Type: Statistical Attack, Error: 0, Time: 0.10163593292236328, NFound: 10, Coef: 10
