Round: 1, Attack Type: Statistical Attack, Error: 0, Time: 0.07200002670288086, NFound: 5, Coef: 8
Round: 2, Attack Type: Statistical Attack, Error: 0, Time: 0.08492898941040039, NFound: 10, Coef: 10
