Round: 1, Attack Type: Statistical Attack, Error: 0, Time: 0.11825299263000488, NFound: 10, Coef: 10
Round: 2, Attack Type: Statistical Attack, Error: 0, Time: 0.11403799057006836, NFound: 10, Coef: 10
