Round: 1, Attack Type: Statistical Attack, Error: 0, Time: 0.0813751220703125, NFound: 5, Coef: 8
Round: 2, Attack Type: Statistical Attack, Error: 0, Time: 0.09275436401367188, NFound: 10, Coef: 10
