Round: 1, Attack Type: Statistical Attack, Error: 0, Time: 0.07219195365905762, NFound: 9, Coef: 8
Round: 2, Attack Type: Statistical Attack, Error: 0, Time: 0.08297109603881836, NFound: 10, Coef: 10
