Round: 1, Attack Type: Statistical Attack, Error: 0, Time: 0.0761709213256836, NFound: 5, Coef: 8
Round: 2, Attack Type: Statistical Attack, Error: 0, Time: 0.07333087921142578, NFound: 10, Coef: 10
