Round: 1, Attack Type: Statistical Attack, Error: 0, Time: 0.07109308242797852, NFound: 5, Coef: 8
Round: 2, Attack Type: Statistical Attack, Error: 0, Time: 0.07222390174865723, NFound: 10, Coef: 10
