Round: 1, Attack Type: Statistical Attack, Error: 0, Time: 0.07265114784240723, NFound: 5, Coef: 8
Round: 2, Attack Type: Statistical Attack, Error: 0, Time: 0.07876801490783691, NFound: 10, Coef: 10
