Round: 1, Attack Type: Statistical Attack, Error: 0, Time: 0.07767987251281738, NFound: 10, Coef: 10
Round: 2, Attack Type: Statistical Attack, Error: 0, Time: 0.09258317947387695, NFound: 9, Coef: 8
