Round: 1, Attack Type: Statistical Attack, Error: 0, Time: 0.061466217041015625, NFound: 10, Coef: 10
Round: 2, Attack Type: Statistical Attack, Error: 0, Time: 0.07506799697875977, NFound: 10, Coef: 10
