Round: 1, Attack Type: Statistical Attack, Error: 0, Time: 0.06355690956115723, NFound: 5, Coef: 8
Round: 2, Attack Type: Statistical Attack, Error: 0, Time: 0.07116484642028809, NFound: 10, Coef: 10
