Round: 1, Attack Type: Statistical Attack, Error: 0, Time: 0.07355809211730957, NFound: 10, Coef: 10
Round: 2, Attack Type: Statistical Attack, Error: 0, Time: 0.10883092880249023, NFound: 10, Coef: 10
