Round: 1, Attack Type: Statistical Attack, Error: 0, Time: 0.0758211612701416, NFound: 5, Coef: 8
Round: 2, Attack Type: Statistical Attack, Error: 0, Time: 0.07991790771484375, NFound: 10, Coef: 10
