Round: 1, Attack Type: Statistical Attack, Error: 0, Time: 0.05566215515136719, NFound: 10, Coef: 10
Round: 2, Attack Type: Statistical Attack, Error: 0, Time: 0.06730175018310547, NFound: 10, Coef: 10
