Round: 1, Attack Type: Statistical Attack, Error: 0, Time: 0.07925915718078613, NFound: 5, Coef: 8
Round: 2, Attack Type: Statistical Attack, Error: 0, Time: 0.08782696723937988, NFound: 9, Coef: 8
