Round: 1, Attack Type: Statistical Attack, Error: 0, Time: 0.07338690757751465, NFound: 5, Coef: 8
Round: 2, Attack Type: Statistical Attack, Error: 0, Time: 0.08201193809509277, NFound: 9, Coef: 8
