Round: 1, Attack Type: Statistical Attack, Error: 0, Time: 0.08200597763061523, NFound: 5, Coef: 8
Round: 2, Attack Type: Statistical Attack, Error: 0, Time: 0.08648395538330078, NFound: 10, Coef: 10
