Round: 1, Attack Type: Statistical Attack, Error: 0, Time: 0.07329487800598145, NFound: 5, Coef: 8
Round: 2, Attack Type: Statistical Attack, Error: 0, Time: 0.07719802856445312, NFound: 10, Coef: 10
