Round: 1, Attack Type: Statistical Attack, Error: 0, Time: 0.08500027656555176, NFound: 5, Coef: 8
Round: 2, Attack Type: Statistical Attack, Error: 0, Time: 0.09433698654174805, NFound: 10, Coef: 10
