Round: 1, Attack Type: Statistical Attack, Error: 0, Time: 0.09177994728088379, NFound: 5, Coef: 8
Round: 2, Attack Type: Statistical Attack, Error: 0, Time: 0.11488986015319824, NFound: 10, Coef: 10
