Round: 1, Attack Type: Statistical Attack, Error: 0, Time: 0.07637500762939453, NFound: 9, Coef: 8
Round: 2, Attack Type: Statistical Attack, Error: 0, Time: 0.08850979804992676, NFound: 10, Coef: 10
