Round: 1, Attack Type: Statistical Attack, Error: 0, Time: 0.08803200721740723, NFound: 10, Coef: 10
Round: 2, Attack Type: Statistical Attack, Error: 0, Time: 0.09767699241638184, NFound: 10, Coef: 10
