Round: 1, Attack Type: Statistical Attack, Error: 0, Time: 0.07671976089477539, NFound: 10, Coef: 10
Round: 2, Attack Type: Statistical Attack, Error: 0, Time: 0.08418107032775879, NFound: 10, Coef: 10
