Round: 1, Attack Type: Statistical Attack, Error: 0, Time: 0.06429791450500488, NFound: 5, Coef: 8
Round: 2, Attack Type: Statistical Attack, Error: 0, Time: 0.07174992561340332, NFound: 10, Coef: 10
