Round: 1, Attack Type: Statistical Attack, Error: 0, Time: 0.07590794563293457, NFound: 10, Coef: 10
Round: 2, Attack Type: Statistical Attack, Error: 0, Time: 0.07504820823669434, NFound: 10, Coef: 10
