Round: 1, Attack Type: Statistical Attack, Error: 0, Time: 0.07557415962219238, NFound: 5, Coef: 8
Round: 2, Attack Type: Statistical Attack, Error: 0, Time: 0.0777440071105957, NFound: 10, Coef: 10
