Round: 1, Attack Type: Statistical Attack, Error: 0, Time: 0.08355402946472168, NFound: 10, Coef: 10
Round: 2, Attack Type: Statistical Attack, Error: 0, Time: 0.10007309913635254, NFound: 10, Coef: 10
