Round: 1, Attack Type: Statistical Attack, Error: 0, Time: 0.07056093215942383, NFound: 5, Coef: 8
Round: 2, Attack Type: Statistical Attack, Error: 0, Time: 0.09445405006408691, NFound: 10, Coef: 10
