Round: 1, Attack Type: Statistical Attack, Error: 0, Time: 0.09972715377807617, NFound: 10, Coef: 10
Round: 2, Attack Type: Statistical Attack, Error: 0, Time: 0.11293292045593262, NFound: 10, Coef: 10
