Round: 1, Attack Type: Statistical Attack, Error: 0, Time: 0.07930994033813477, NFound: 5, Coef: 8
Round: 2, Attack Type: Statistical Attack, Error: 0, Time: 0.08704900741577148, NFound: 10, Coef: 10
