Round: 1, Attack Type: Statistical Attack, Error: 0, Time: 0.0866689682006836, NFound: 5, Coef: 8
Round: 2, Attack Type: Statistical Attack, Error: 0, Time: 0.08392715454101562, NFound: 10, Coef: 10
