Round: 1, Attack Type: Statistical Attack, Error: 0, Time: 0.08414196968078613, NFound: 10, Coef: 10
Round: 2, Attack Type: Statistical Attack, Error: 0, Time: 0.07986187934875488, NFound: 10, Coef: 10
