Round: 1, Attack Type: Statistical Attack, Error: 0, Time: 0.07407307624816895, NFound: 5, Coef: 8
Round: 2, Attack Type: Statistical Attack, Error: 0, Time: 0.09759783744812012, NFound: 10, Coef: 10
