Round: 1, Attack Type: Statistical Attack, Error: 0, Time: 0.06401324272155762, NFound: 5, Coef: 8
Round: 2, Attack Type: Statistical Attack, Error: 0, Time: 0.06664490699768066, NFound: 10, Coef: 10
