Round: 1, Attack Type: Statistical Attack, Error: 0, Time: 0.07490992546081543, NFound: 5, Coef: 8
Round: 2, Attack Type: Statistical Attack, Error: 0, Time: 0.08085393905639648, NFound: 10, Coef: 10
