Round: 1, Attack Type: Statistical Attack, Error: 0, Time: 0.09704208374023438, NFound: 5, Coef: 8
Round: 2, Attack Type: Statistical Attack, Error: 0, Time: 0.10265398025512695, NFound: 10, Coef: 10
