Round: 1, Attack Type: Statistical Attack, Error: 0, Time: 0.08168315887451172, NFound: 10, Coef: 10
Round: 2, Attack Type: Statistical Attack, Error: 0, Time: 0.08609294891357422, NFound: 10, Coef: 10
