Round: 1, Attack Type: Statistical Attack, Error: 0, Time: 0.07792115211486816, NFound: 5, Coef: 8
Round: 2, Attack Type: Statistical Attack, Error: 0, Time: 0.08995914459228516, NFound: 10, Coef: 10
