Round: 1, Attack Type: Statistical Attack, Error: 0, Time: 0.14181780815124512, NFound: 5, Coef: 8
Round: 2, Attack Type: Statistical Attack, Error: 0, Time: 0.13544607162475586, NFound: 10, Coef: 10
