Round: 1, Attack Type: Statistical Attack, Error: 0, Time: 0.06394195556640625, NFound: 10, Coef: 10
Round: 2, Attack Type: Statistical Attack, Error: 0, Time: 0.07730293273925781, NFound: 10, Coef: 10
