Round: 1, Attack Type: Statistical Attack, Error: 0, Time: 0.0760500431060791, NFound: 10, Coef: 10
Round: 2, Attack Type: Statistical Attack, Error: 0, Time: 0.08652782440185547, NFound: 10, Coef: 10
