Round: 1, Attack Type: Statistical Attack, Error: 0, Time: 0.07521510124206543, NFound: 5, Coef: 8
Round: 2, Attack Type: Statistical Attack, Error: 0, Time: 0.07767724990844727, NFound: 10, Coef: 10
