Round: 1, Attack Type: Statistical Attack, Error: 0, Time: 0.06466507911682129, NFound: 10, Coef: 10
Round: 2, Attack Type: Statistical Attack, Error: 0, Time: 0.0746300220489502, NFound: 10, Coef: 10
