Round: 1, Attack Type: Statistical Attack, Error: 0, Time: 0.10317206382751465, NFound: 5, Coef: 8
Round: 2, Attack Type: Statistical Attack, Error: 0, Time: 0.10114574432373047, NFound: 10, Coef: 10
