Round: 1, Attack Type: Statistical Attack, Error: 0, Time: 0.0926048755645752, NFound: 5, Coef: 8
Round: 2, Attack Type: Statistical Attack, Error: 0, Time: 0.08453798294067383, NFound: 10, Coef: 10
