Round: 1, Attack Type: Statistical Attack, Error: 0, Time: 0.08963489532470703, NFound: 5, Coef: 8
Round: 2, Attack Type: Statistical Attack, Error: 0, Time: 0.09864020347595215, NFound: 10, Coef: 10
