Round: 1, Attack Type: Statistical Attack, Error: 0, Time: 0.07315373420715332, NFound: 10, Coef: 10
Round: 2, Attack Type: Statistical Attack, Error: 0, Time: 0.07715988159179688, NFound: 10, Coef: 10
