Round: 1, Attack Type: Statistical Attack, Error: 0, Time: 0.08991265296936035, NFound: 10, Coef: 10
Round: 2, Attack Type: Statistical Attack, Error: 0, Time: 0.10199904441833496, NFound: 10, Coef: 10
