Round: 1, Attack Type: Statistical Attack, Error: 0, Time: 0.1500391960144043, NFound: 5, Coef: 8
Round: 2, Attack Type: Statistical Attack, Error: 0, Time: 0.18954086303710938, NFound: 10, Coef: 10
