Round: 1, Attack Type: Statistical Attack, Error: 0, Time: 0.09489679336547852, NFound: 10, Coef: 10
Round: 2, Attack Type: Statistical Attack, Error: 0, Time: 0.10419988632202148, NFound: 10, Coef: 10
