Round: 1, Attack Type: Statistical Attack, Error: 0, Time: 0.06848621368408203, NFound: 5, Coef: 8
Round: 2, Attack Type: Statistical Attack, Error: 0, Time: 0.07108402252197266, NFound: 10, Coef: 10
