Round: 1, Attack Type: Statistical Attack, Error: 0, Time: 0.09673404693603516, NFound: 10, Coef: 10
Round: 2, Attack Type: Statistical Attack, Error: 0, Time: 0.11339020729064941, NFound: 10, Coef: 10
