Round: 1, Attack Type: Statistical Attack, Error: 0, Time: 0.08857607841491699, NFound: 10, Coef: 10
Round: 2, Attack Type: Statistical Attack, Error: 0, Time: 0.11265325546264648, NFound: 10, Coef: 10
