Round: 1, Attack Type: Statistical Attack, Error: 0, Time: 0.07552003860473633, NFound: 10, Coef: 10
Round: 2, Attack Type: Statistical Attack, Error: 0, Time: 0.09416818618774414, NFound: 10, Coef: 10
