Round: 1, Attack Type: Statistical Attack, Error: 0, Time: 0.13191509246826172, NFound: 5, Coef: 8
Round: 2, Attack Type: Statistical Attack, Error: 0, Time: 0.14781904220581055, NFound: 10, Coef: 10
