Round: 1, Attack Type: Statistical Attack, Error: 0, Time: 0.07227921485900879, NFound: 5, Coef: 8
Round: 2, Attack Type: Statistical Attack, Error: 0, Time: 0.0801401138305664, NFound: 10, Coef: 10
