Round: 1, Attack Type: Statistical Attack, Error: 0, Time: 0.0991520881652832, NFound: 5, Coef: 8
Round: 2, Attack Type: Statistical Attack, Error: 0, Time: 0.09880614280700684, NFound: 10, Coef: 10
