Round: 1, Attack Type: Statistical Attack, Error: 0, Time: 0.08307194709777832, NFound: 5, Coef: 8
Round: 2, Attack Type: Statistical Attack, Error: 0, Time: 0.07972216606140137, NFound: 10, Coef: 10
