Round: 1, Attack Type: Statistical Attack, Error: 0, Time: 0.0795431137084961, NFound: 10, Coef: 10
Round: 2, Attack Type: Statistical Attack, Error: 0, Time: 0.0907440185546875, NFound: 10, Coef: 10
