Round: 1, Attack Type: Statistical Attack, Error: 0, Time: 0.07598996162414551, NFound: 10, Coef: 10
Round: 2, Attack Type: Statistical Attack, Error: 0, Time: 0.08178997039794922, NFound: 10, Coef: 10
