Round: 1, Attack Type: Statistical Attack, Error: 0, Time: 0.08774399757385254, NFound: 9, Coef: 8
Round: 2, Attack Type: Statistical Attack, Error: 0, Time: 0.08556699752807617, NFound: 10, Coef: 10
