Round: 1, Attack Type: Statistical Attack, Error: 0, Time: 0.07000970840454102, NFound: 10, Coef: 10
Round: 2, Attack Type: Statistical Attack, Error: 0, Time: 0.08794116973876953, NFound: 10, Coef: 10
