Round: 1, Attack Type: Statistical Attack, Error: 0, Time: 0.0740809440612793, NFound: 10, Coef: 10
Round: 2, Attack Type: Statistical Attack, Error: 0, Time: 0.07835817337036133, NFound: 10, Coef: 10
