Round: 1, Attack Type: Statistical Attack, Error: 0, Time: 0.07175588607788086, NFound: 10, Coef: 10
Round: 2, Attack Type: Statistical Attack, Error: 0, Time: 0.09978795051574707, NFound: 10, Coef: 10
