Round: 1, Attack Type: Statistical Attack, Error: 0, Time: 0.11174988746643066, NFound: 5, Coef: 8
Round: 2, Attack Type: Statistical Attack, Error: 0, Time: 0.10423398017883301, NFound: 10, Coef: 10
