Round: 1, Attack Type: Statistical Attack, Error: 0, Time: 0.07880187034606934, NFound: 5, Coef: 8
Round: 2, Attack Type: Statistical Attack, Error: 0, Time: 0.08183097839355469, NFound: 10, Coef: 10
