Round: 1, Attack Type: Statistical Attack, Error: 0, Time: 0.07073402404785156, NFound: 10, Coef: 10
Round: 2, Attack Type: Statistical Attack, Error: 0, Time: 0.08451986312866211, NFound: 10, Coef: 10
