Round: 1, Attack Type: Statistical Attack, Error: 0, Time: 0.09808897972106934, NFound: 5, Coef: 8
Round: 2, Attack Type: Statistical Attack, Error: 0, Time: 0.11276006698608398, NFound: 10, Coef: 10
