Round: 1, Attack Type: Statistical Attack, Error: 0, Time: 0.1244359016418457, NFound: 5, Coef: 8
Round: 2, Attack Type: Statistical Attack, Error: 0, Time: 0.10713696479797363, NFound: 10, Coef: 10
