Round: 1, Attack Type: Statistical Attack, Error: 0, Time: 0.08866095542907715, NFound: 5, Coef: 8
Round: 2, Attack Type: Statistical Attack, Error: 0, Time: 0.10896611213684082, NFound: 10, Coef: 10
