Round: 1, Attack Type: Statistical Attack, Error: 0, Time: 0.06938695907592773, NFound: 5, Coef: 8
Round: 2, Attack Type: Statistical Attack, Error: 0, Time: 0.08147192001342773, NFound: 10, Coef: 10
