Round: 1, Attack Type: Statistical Attack, Error: 0, Time: 0.08742761611938477, NFound: 5, Coef: 8
Round: 2, Attack Type: Statistical Attack, Error: 0, Time: 0.09293794631958008, NFound: 10, Coef: 10
