Round: 1, Attack Type: Statistical Attack, Error: 0, Time: 0.06506896018981934, NFound: 5, Coef: 8
Round: 2, Attack Type: Statistical Attack, Error: 0, Time: 0.06454205513000488, NFound: 10, Coef: 10
