Round: 1, Attack Type: Statistical Attack, Error: 0, Time: 0.08272695541381836, NFound: 5, Coef: 8
Round: 2, Attack Type: Statistical Attack, Error: 0, Time: 0.09899401664733887, NFound: 10, Coef: 10
