Round: 1, Attack Type: Statistical Attack, Error: 0, Time: 0.07544302940368652, NFound: 5, Coef: 8
Round: 2, Attack Type: Statistical Attack, Error: 0, Time: 0.08681321144104004, NFound: 10, Coef: 10
