Round: 1, Attack Type: Statistical Attack, Error: 0, Time: 0.06843805313110352, NFound: 10, Coef: 10
Round: 2, Attack Type: Statistical Attack, Error: 0, Time: 0.06949615478515625, NFound: 10, Coef: 10
