Round: 1, Attack Type: Statistical Attack, Error: 0, Time: 0.0822908878326416, NFound: 5, Coef: 8
Round: 2, Attack Type: Statistical Attack, Error: 0, Time: 0.0920560359954834, NFound: 9, Coef: 8
