Round: 1, Attack Type: Statistical Attack, Error: 0, Time: 0.08627986907958984, NFound: 5, Coef: 8
Round: 2, Attack Type: Statistical Attack, Error: 0, Time: 0.09827709197998047, NFound: 10, Coef: 10
