Round: 1, Attack Type: Statistical Attack, Error: 0, Time: 0.07685279846191406, NFound: 10, Coef: 10
Round: 2, Attack Type: Statistical Attack, Error: 0, Time: 0.09014296531677246, NFound: 10, Coef: 10
