Round: 1, Attack Type: Statistical Attack, Error: 0, Time: 0.07421588897705078, NFound: 10, Coef: 10
Round: 2, Attack Type: Statistical Attack, Error: 0, Time: 0.08191227912902832, NFound: 10, Coef: 10
