Round: 1, Attack Type: Statistical Attack, Error: 0, Time: 0.08064079284667969, NFound: 10, Coef: 10
Round: 2, Attack Type: Statistical Attack, Error: 0, Time: 0.08411312103271484, NFound: 10, Coef: 10
