Round: 1, Attack Type: Statistical Attack, Error: 0, Time: 0.07284927368164062, NFound: 5, Coef: 8
Round: 2, Attack Type: Statistical Attack, Error: 0, Time: 0.0795142650604248, NFound: 10, Coef: 10
