Round: 1, Attack Type: Statistical Attack, Error: 0, Time: 0.0742342472076416, NFound: 10, Coef: 10
Round: 2, Attack Type: Statistical Attack, Error: 0, Time: 0.08384203910827637, NFound: 10, Coef: 10
