Round: 1, Attack Type: Statistical Attack, Error: 0, Time: 0.08058333396911621, NFound: 10, Coef: 10
Round: 2, Attack Type: Statistical Attack, Error: 0, Time: 0.09572815895080566, NFound: 10, Coef: 10
