Round: 1, Attack Type: Statistical Attack, Error: 0, Time: 0.05692601203918457, NFound: 10, Coef: 10
Round: 2, Attack Type: Statistical Attack, Error: 0, Time: 0.06717967987060547, NFound: 10, Coef: 10
