Round: 1, Attack Type: Statistical Attack, Error: 0, Time: 0.0749669075012207, NFound: 5, Coef: 8
Round: 2, Attack Type: Statistical Attack, Error: 0, Time: 0.07540512084960938, NFound: 10, Coef: 10
