Round: 1, Attack Type: Statistical Attack, Error: 0, Time: 0.08409976959228516, NFound: 10, Coef: 10
Round: 2, Attack Type: Statistical Attack, Error: 0, Time: 0.10804104804992676, NFound: 10, Coef: 10
