Round: 1, Attack Type: Statistical Attack, Error: 0, Time: 0.07888507843017578, NFound: 10, Coef: 10
Round: 2, Attack Type: Statistical Attack, Error: 0, Time: 0.08651924133300781, NFound: 9, Coef: 8
