Round: 1, Attack Type: Statistical Attack, Error: 0, Time: 0.0919947624206543, NFound: 10, Coef: 10
Round: 2, Attack Type: Statistical Attack, Error: 0, Time: 0.1121971607208252, NFound: 10, Coef: 10
