Round: 1, Attack Type: Statistical Attack, Error: 0, Time: 0.08023667335510254, NFound: 10, Coef: 10
Round: 2, Attack Type: Statistical Attack, Error: 0, Time: 0.08873701095581055, NFound: 9, Coef: 8
