Round: 1, Attack Type: Statistical Attack, Error: 0, Time: 0.09262490272521973, NFound: 5, Coef: 8
Round: 2, Attack Type: Statistical Attack, Error: 0, Time: 0.12414002418518066, NFound: 10, Coef: 10
