Round: 1, Attack Type: Statistical Attack, Error: 0, Time: 0.08315491676330566, NFound: 5, Coef: 8
Round: 2, Attack Type: Statistical Attack, Error: 0, Time: 0.0838780403137207, NFound: 10, Coef: 10
