Round: 1, Attack Type: Statistical Attack, Error: 0, Time: 0.08496379852294922, NFound: 5, Coef: 8
Round: 2, Attack Type: Statistical Attack, Error: 0, Time: 0.09335708618164062, NFound: 10, Coef: 10
