Round: 1, Attack Type: Statistical Attack, Error: 0, Time: 0.07759284973144531, NFound: 5, Coef: 8
Round: 2, Attack Type: Statistical Attack, Error: 0, Time: 0.0815727710723877, NFound: 10, Coef: 10
