Round: 1, Attack Type: Statistical Attack, Error: 0, Time: 0.09542393684387207, NFound: 5, Coef: 8
Round: 2, Attack Type: Statistical Attack, Error: 0, Time: 0.08565974235534668, NFound: 10, Coef: 10
