Round: 1, Attack Type: Statistical Attack, Error: 0, Time: 0.07452797889709473, NFound: 10, Coef: 10
Round: 2, Attack Type: Statistical Attack, Error: 0, Time: 0.07462120056152344, NFound: 10, Coef: 10
