Round: 1, Attack Type: Statistical Attack, Error: 0, Time: 0.07019996643066406, NFound: 10, Coef: 10
Round: 2, Attack Type: Statistical Attack, Error: 0, Time: 0.0788111686706543, NFound: 10, Coef: 10
