Round: 1, Attack Type: Statistical Attack, Error: 0, Time: 0.1009070873260498, NFound: 5, Coef: 8
Round: 2, Attack Type: Statistical Attack, Error: 0, Time: 0.10009336471557617, NFound: 10, Coef: 10
