Round: 1, Attack Type: Statistical Attack, Error: 0, Time: 0.10311198234558105, NFound: 5, Coef: 8
Round: 2, Attack Type: Statistical Attack, Error: 0, Time: 0.11868405342102051, NFound: 10, Coef: 10
