Round: 1, Attack Type: Statistical Attack, Error: 0, Time: 0.074188232421875, NFound: 10, Coef: 10
Round: 2, Attack Type: Statistical Attack, Error: 0, Time: 0.09257698059082031, NFound: 10, Coef: 10
