Round: 1, Attack Type: Statistical Attack, Error: 0, Time: 0.07723689079284668, NFound: 10, Coef: 10
Round: 2, Attack Type: Statistical Attack, Error: 0, Time: 0.08161473274230957, NFound: 10, Coef: 10
