Round: 1, Attack Type: Statistical Attack, Error: 0, Time: 0.08794474601745605, NFound: 5, Coef: 8
Round: 2, Attack Type: Statistical Attack, Error: 0, Time: 0.10576820373535156, NFound: 9, Coef: 8
