Round: 1, Attack Type: Statistical Attack, Error: 0, Time: 0.07062292098999023, NFound: 5, Coef: 8
Round: 2, Attack Type: Statistical Attack, Error: 0, Time: 0.07711100578308105, NFound: 10, Coef: 10
