Round: 1, Attack Type: Statistical Attack, Error: 0, Time: 0.07386422157287598, NFound: 10, Coef: 10
Round: 2, Attack Type: Statistical Attack, Error: 0, Time: 0.07901191711425781, NFound: 10, Coef: 10
