Round: 1, Attack Type: Statistical Attack, Error: 0, Time: 0.09083390235900879, NFound: 10, Coef: 10
Round: 2, Attack Type: Statistical Attack, Error: 0, Time: 0.10297083854675293, NFound: 10, Coef: 10
