Round: 1, Attack Type: Statistical Attack, Error: 0, Time: 0.06098294258117676, NFound: 5, Coef: 8
Round: 2, Attack Type: Statistical Attack, Error: 0, Time: 0.06665372848510742, NFound: 10, Coef: 10
