Round: 1, Attack Type: Statistical Attack, Error: 0, Time: 0.0706019401550293, NFound: 5, Coef: 8
Round: 2, Attack Type: Statistical Attack, Error: 0, Time: 0.07865309715270996, NFound: 10, Coef: 10
