Round: 1, Attack Type: Statistical Attack, Error: 0, Time: 0.07072901725769043, NFound: 10, Coef: 10
Round: 2, Attack Type: Statistical Attack, Error: 0, Time: 0.08981823921203613, NFound: 10, Coef: 10
