Round: 1, Attack Type: Statistical Attack, Error: 0, Time: 0.07700300216674805, NFound: 5, Coef: 8
Round: 2, Attack Type: Statistical Attack, Error: 0, Time: 0.07940793037414551, NFound: 10, Coef: 10
