Round: 1, Attack Type: Statistical Attack, Error: 0, Time: 0.08593297004699707, NFound: 10, Coef: 10
Round: 2, Attack Type: Statistical Attack, Error: 0, Time: 0.09570002555847168, NFound: 9, Coef: 8
