Round: 1, Attack Type: Statistical Attack, Error: 0, Time: 0.07560396194458008, NFound: 10, Coef: 10
Round: 2, Attack Type: Statistical Attack, Error: 0, Time: 0.08451390266418457, NFound: 10, Coef: 10
