Round: 1, Attack Type: Statistical Attack, Error: 0, Time: 0.06766414642333984, NFound: 10, Coef: 10
Round: 2, Attack Type: Statistical Attack, Error: 0, Time: 0.07459402084350586, NFound: 10, Coef: 10
