Round: 1, Attack Type: Statistical Attack, Error: 0, Time: 0.09106826782226562, NFound: 5, Coef: 8
Round: 2, Attack Type: Statistical Attack, Error: 0, Time: 0.10769510269165039, NFound: 10, Coef: 10
