Round: 1, Attack Type: Statistical Attack, Error: 0, Time: 0.08387184143066406, NFound: 5, Coef: 8
Round: 2, Attack Type: Statistical Attack, Error: 0, Time: 0.08555889129638672, NFound: 10, Coef: 10
