Round: 1, Attack Type: Statistical Attack, Error: 0, Time: 0.0866541862487793, NFound: 5, Coef: 8
Round: 2, Attack Type: Statistical Attack, Error: 0, Time: 0.1024179458618164, NFound: 10, Coef: 10
