Round: 1, Attack Type: Statistical Attack, Error: 0, Time: 0.06908512115478516, NFound: 5, Coef: 8
Round: 2, Attack Type: Statistical Attack, Error: 0, Time: 0.07416415214538574, NFound: 10, Coef: 10
