Round: 1, Attack Type: Statistical Attack, Error: 0, Time: 0.07234692573547363, NFound: 10, Coef: 10
Round: 2, Attack Type: Statistical Attack, Error: 0, Time: 0.09330415725708008, NFound: 10, Coef: 10
