Round: 1, Attack Type: Statistical Attack, Error: 0, Time: 0.06312823295593262, NFound: 5, Coef: 8
Round: 2, Attack Type: Statistical Attack, Error: 0, Time: 0.06407594680786133, NFound: 10, Coef: 10
