Round: 1, Attack Type: Statistical Attack, Error: 0, Time: 0.07538890838623047, NFound: 5, Coef: 8
Round: 2, Attack Type: Statistical Attack, Error: 0, Time: 0.07944393157958984, NFound: 10, Coef: 10
