Round: 1, Attack Type: Statistical Attack, Error: 0, Time: 0.07039308547973633, NFound: 10, Coef: 10
Round: 2, Attack Type: Statistical Attack, Error: 0, Time: 0.07973599433898926, NFound: 10, Coef: 10
