Round: 1, Attack Type: Statistical Attack, Error: 0, Time: 0.10042905807495117, NFound: 5, Coef: 8
Round: 2, Attack Type: Statistical Attack, Error: 0, Time: 0.0942831039428711, NFound: 10, Coef: 10
