Round: 1, Attack Type: Statistical Attack, Error: 0, Time: 0.07176876068115234, NFound: 9, Coef: 9
Round: 2, Attack Type: Statistical Attack, Error: 0, Time: 0.08027887344360352, NFound: 10, Coef: 10
