Round: 1, Attack Type: Statistical Attack, Error: 0, Time: 0.08085894584655762, NFound: 10, Coef: 10
Round: 2, Attack Type: Statistical Attack, Error: 0, Time: 0.08273005485534668, NFound: 10, Coef: 10
