Round: 1, Attack Type: Statistical Attack, Error: 0, Time: 0.07383513450622559, NFound: 9, Coef: 8
Round: 2, Attack Type: Statistical Attack, Error: 0, Time: 0.09101486206054688, NFound: 10, Coef: 10
