Round: 1, Attack Type: Statistical Attack, Error: 0, Time: 0.10486602783203125, NFound: 10, Coef: 10
Round: 2, Attack Type: Statistical Attack, Error: 0, Time: 0.1027679443359375, NFound: 10, Coef: 10
