Round: 1, Attack Type: Statistical Attack, Error: 0, Time: 0.07931804656982422, NFound: 5, Coef: 8
Round: 2, Attack Type: Statistical Attack, Error: 0, Time: 0.08570003509521484, NFound: 10, Coef: 10
