Round: 1, Attack Type: Statistical Attack, Error: 0, Time: 0.06005406379699707, NFound: 5, Coef: 8
Round: 2, Attack Type: Statistical Attack, Error: 0, Time: 0.06866312026977539, NFound: 10, Coef: 10
