Round: 1, Attack Type: Statistical Attack, Error: 0, Time: 0.07543611526489258, NFound: 5, Coef: 8
Round: 2, Attack Type: Statistical Attack, Error: 0, Time: 0.0759437084197998, NFound: 10, Coef: 10
