Round: 1, Attack Type: Statistical Attack, Error: 0, Time: 0.07097816467285156, NFound: 10, Coef: 10
Round: 2, Attack Type: Statistical Attack, Error: 0, Time: 0.08021306991577148, NFound: 10, Coef: 10
