Round: 1, Attack Type: Statistical Attack, Error: 0, Time: 0.07438421249389648, NFound: 10, Coef: 10
Round: 2, Attack Type: Statistical Attack, Error: 0, Time: 0.07954621315002441, NFound: 10, Coef: 10
