Round: 1, Attack Type: Statistical Attack, Error: 0, Time: 0.06992983818054199, NFound: 10, Coef: 10
Round: 2, Attack Type: Statistical Attack, Error: 0, Time: 0.08006095886230469, NFound: 10, Coef: 10
