Round: 1, Attack Type: Statistical Attack, Error: 0, Time: 0.07246088981628418, NFound: 10, Coef: 10
Round: 2, Attack Type: Statistical Attack, Error: 0, Time: 0.09020018577575684, NFound: 9, Coef: 8
