Round: 1, Attack Type: Statistical Attack, Error: 0, Time: 0.09476804733276367, NFound: 10, Coef: 10
Round: 2, Attack Type: Statistical Attack, Error: 0, Time: 0.11166501045227051, NFound: 9, Coef: 8
