Round: 1, Attack Type: Statistical Attack, Error: 0, Time: 0.0864570140838623, NFound: 9, Coef: 8
Round: 2, Attack Type: Statistical Attack, Error: 0, Time: 0.08228874206542969, NFound: 10, Coef: 10
