Round: 1, Attack Type: Statistical Attack, Error: 0, Time: 0.0996701717376709, NFound: 5, Coef: 8
Round: 2, Attack Type: Statistical Attack, Error: 0, Time: 0.10365509986877441, NFound: 10, Coef: 10
