Round: 1, Attack Type: Statistical Attack, Error: 0, Time: 0.08505010604858398, NFound: 5, Coef: 8
Round: 2, Attack Type: Statistical Attack, Error: 0, Time: 0.09957194328308105, NFound: 10, Coef: 10
