Round: 1, Attack Type: Statistical Attack, Error: 0, Time: 0.07958507537841797, NFound: 10, Coef: 10
Round: 2, Attack Type: Statistical Attack, Error: 0, Time: 0.09740996360778809, NFound: 10, Coef: 10
