Round: 1, Attack Type: Statistical Attack, Error: 0, Time: 0.07605195045471191, NFound: 10, Coef: 10
Round: 2, Attack Type: Statistical Attack, Error: 0, Time: 0.07514214515686035, NFound: 10, Coef: 10
