Round: 1, Attack Type: Statistical Attack, Error: 0, Time: 0.09527993202209473, NFound: 10, Coef: 10
Round: 2, Attack Type: Statistical Attack, Error: 0, Time: 0.1010138988494873, NFound: 10, Coef: 10
