Round: 1, Attack Type: Statistical Attack, Error: 0, Time: 0.1255941390991211, NFound: 10, Coef: 10
Round: 2, Attack Type: Statistical Attack, Error: 0, Time: 0.08215570449829102, NFound: 10, Coef: 10
