Round: 1, Attack Type: Statistical Attack, Error: 0, Time: 0.07762503623962402, NFound: 5, Coef: 8
Round: 2, Attack Type: Statistical Attack, Error: 0, Time: 0.08725929260253906, NFound: 10, Coef: 10
