Round: 1, Attack Type: Statistical Attack, Error: 0, Time: 0.0921168327331543, NFound: 10, Coef: 10
Round: 2, Attack Type: Statistical Attack, Error: 0, Time: 0.09567070007324219, NFound: 10, Coef: 10
