Round: 1, Attack Type: Statistical Attack, Error: 0, Time: 0.08666777610778809, NFound: 5, Coef: 8
Round: 2, Attack Type: Statistical Attack, Error: 0, Time: 0.09595012664794922, NFound: 10, Coef: 10
