Round: 1, Attack Type: Statistical Attack, Error: 0, Time: 0.07509016990661621, NFound: 5, Coef: 8
Round: 2, Attack Type: Statistical Attack, Error: 0, Time: 0.09000706672668457, NFound: 10, Coef: 10
