Round: 1, Attack Type: Statistical Attack, Error: 0, Time: 0.07794880867004395, NFound: 5, Coef: 8
Round: 2, Attack Type: Statistical Attack, Error: 0, Time: 0.07848596572875977, NFound: 10, Coef: 10
