Round: 1, Attack Type: Statistical Attack, Error: 0, Time: 0.07203984260559082, NFound: 5, Coef: 8
Round: 2, Attack Type: Statistical Attack, Error: 0, Time: 0.07262301445007324, NFound: 10, Coef: 10
