Round: 1, Attack Type: Statistical Attack, Error: 0, Time: 0.06631612777709961, NFound: 10, Coef: 10
Round: 2, Attack Type: Statistical Attack, Error: 0, Time: 0.08694005012512207, NFound: 10, Coef: 10
