Round: 1, Attack Type: Statistical Attack, Error: 0, Time: 0.07460212707519531, NFound: 10, Coef: 10
Round: 2, Attack Type: Statistical Attack, Error: 0, Time: 0.0886220932006836, NFound: 9, Coef: 8
