Round: 1, Attack Type: Statistical Attack, Error: 0, Time: 0.06978201866149902, NFound: 10, Coef: 10
Round: 2, Attack Type: Statistical Attack, Error: 0, Time: 0.07705807685852051, NFound: 10, Coef: 10
