Round: 1, Attack Type: Statistical Attack, Error: 0, Time: 0.07212495803833008, NFound: 5, Coef: 8
Round: 2, Attack Type: Statistical Attack, Error: 0, Time: 0.07838702201843262, NFound: 10, Coef: 10
