Round: 1, Attack Type: Statistical Attack, Error: 0, Time: 0.05933117866516113, NFound: 5, Coef: 8
Round: 2, Attack Type: Statistical Attack, Error: 0, Time: 0.0657968521118164, NFound: 10, Coef: 10
