Round: 1, Attack Type: Statistical Attack, Error: 0, Time: 0.07984280586242676, NFound: 5, Coef: 8
Round: 2, Attack Type: Statistical Attack, Error: 0, Time: 0.07835102081298828, NFound: 10, Coef: 10
