Round: 1, Attack Type: Statistical Attack, Error: 0, Time: 0.07768702507019043, NFound: 10, Coef: 10
Round: 2, Attack Type: Statistical Attack, Error: 0, Time: 0.09122204780578613, NFound: 10, Coef: 10
