Round: 1, Attack Type: Statistical Attack, Error: 0, Time: 0.07590770721435547, NFound: 5, Coef: 8
Round: 2, Attack Type: Statistical Attack, Error: 0, Time: 0.09248614311218262, NFound: 10, Coef: 10
