Round: 1, Attack Type: Statistical Attack, Error: 0, Time: 0.1277627944946289, NFound: 10, Coef: 10
Round: 2, Attack Type: Statistical Attack, Error: 0, Time: 0.1406559944152832, NFound: 10, Coef: 10
