Round: 1, Attack Type: Statistical Attack, Error: 0, Time: 0.05893516540527344, NFound: 10, Coef: 10
Round: 2, Attack Type: Statistical Attack, Error: 0, Time: 0.0649712085723877, NFound: 10, Coef: 10
