Round: 1, Attack Type: Statistical Attack, Error: 0, Time: 0.07132387161254883, NFound: 10, Coef: 10
Round: 2, Attack Type: Statistical Attack, Error: 0, Time: 0.0869758129119873, NFound: 10, Coef: 10
