Round: 1, Attack Type: Statistical Attack, Error: 0, Time: 0.07291483879089355, NFound: 10, Coef: 10
Round: 2, Attack Type: Statistical Attack, Error: 0, Time: 0.07715201377868652, NFound: 10, Coef: 10
