Round: 1, Attack Type: Statistical Attack, Error: 0, Time: 0.06312203407287598, NFound: 5, Coef: 8
Round: 2, Attack Type: Statistical Attack, Error: 0, Time: 0.06627511978149414, NFound: 10, Coef: 10
