Round: 1, Attack Type: Statistical Attack, Error: 0, Time: 0.07779383659362793, NFound: 9, Coef: 8
Round: 2, Attack Type: Statistical Attack, Error: 0, Time: 0.08101415634155273, NFound: 10, Coef: 10
