Round: 1, Attack Type: Statistical Attack, Error: 0, Time: 0.06352019309997559, NFound: 10, Coef: 10
Round: 2, Attack Type: Statistical Attack, Error: 0, Time: 0.06398892402648926, NFound: 10, Coef: 10
