Round: 1, Attack Type: Statistical Attack, Error: 0, Time: 0.0654749870300293, NFound: 10, Coef: 10
Round: 2, Attack Type: Statistical Attack, Error: 0, Time: 0.07544922828674316, NFound: 10, Coef: 10
