Round: 1, Attack Type: Statistical Attack, Error: 0, Time: 0.07071495056152344, NFound: 10, Coef: 10
Round: 2, Attack Type: Statistical Attack, Error: 0, Time: 0.07996392250061035, NFound: 10, Coef: 10
