Round: 1, Attack Type: Statistical Attack, Error: 0, Time: 0.07184934616088867, NFound: 10, Coef: 10
Round: 2, Attack Type: Statistical Attack, Error: 0, Time: 0.09099698066711426, NFound: 10, Coef: 10
