Round: 1, Attack Type: Statistical Attack, Error: 0, Time: 0.07376575469970703, NFound: 5, Coef: 8
Round: 2, Attack Type: Statistical Attack, Error: 0, Time: 0.08622908592224121, NFound: 10, Coef: 10
