Round: 1, Attack Type: Statistical Attack, Error: 0, Time: 0.08002877235412598, NFound: 5, Coef: 8
Round: 2, Attack Type: Statistical Attack, Error: 0, Time: 0.07694697380065918, NFound: 10, Coef: 10
