Round: 1, Attack Type: Statistical Attack, Error: 0, Time: 0.06081104278564453, NFound: 5, Coef: 8
Round: 2, Attack Type: Statistical Attack, Error: 0, Time: 0.06894731521606445, NFound: 10, Coef: 10
