Round: 1, Attack Type: Statistical Attack, Error: 0, Time: 0.07904601097106934, NFound: 10, Coef: 10
Round: 2, Attack Type: Statistical Attack, Error: 0, Time: 0.08405208587646484, NFound: 10, Coef: 10
