Round: 1, Attack Type: Statistical Attack, Error: 0, Time: 0.0769038200378418, NFound: 5, Coef: 8
Round: 2, Attack Type: Statistical Attack, Error: 0, Time: 0.08557915687561035, NFound: 10, Coef: 10
