Round: 1, Attack Type: Statistical Attack, Error: 0, Time: 0.08223581314086914, NFound: 5, Coef: 8
Round: 2, Attack Type: Statistical Attack, Error: 0, Time: 0.0836629867553711, NFound: 10, Coef: 10
