Round: 1, Attack Type: Statistical Attack, Error: 0, Time: 0.07445502281188965, NFound: 10, Coef: 10
Round: 2, Attack Type: Statistical Attack, Error: 0, Time: 0.07529497146606445, NFound: 10, Coef: 10
