Round: 1, Attack Type: Statistical Attack, Error: 0, Time: 0.12801694869995117, NFound: 9, Coef: 8
Round: 2, Attack Type: Statistical Attack, Error: 0, Time: 0.13198494911193848, NFound: 10, Coef: 10
