Round: 1, Attack Type: Statistical Attack, Error: 0, Time: 0.12983107566833496, NFound: 5, Coef: 8
Round: 2, Attack Type: Statistical Attack, Error: 0, Time: 0.12394905090332031, NFound: 10, Coef: 10
