Round: 1, Attack Type: Statistical Attack, Error: 0, Time: 0.07036805152893066, NFound: 10, Coef: 10
Round: 2, Attack Type: Statistical Attack, Error: 0, Time: 0.0812070369720459, NFound: 10, Coef: 10
