Round: 1, Attack Type: Statistical Attack, Error: 0, Time: 0.07180905342102051, NFound: 5, Coef: 8
Round: 2, Attack Type: Statistical Attack, Error: 0, Time: 0.08508992195129395, NFound: 10, Coef: 10
