Round: 1, Attack Type: Statistical Attack, Error: 0, Time: 0.10150504112243652, NFound: 10, Coef: 10
Round: 2, Attack Type: Statistical Attack, Error: 0, Time: 0.11085796356201172, NFound: 10, Coef: 10
