Round: 1, Attack Type: Statistical Attack, Error: 0, Time: 0.11273908615112305, NFound: 5, Coef: 8
Round: 2, Attack Type: Statistical Attack, Error: 0, Time: 0.11574697494506836, NFound: 9, Coef: 8
