Round: 1, Attack Type: Statistical Attack, Error: 0, Time: 0.08148193359375, NFound: 10, Coef: 10
Round: 2, Attack Type: Statistical Attack, Error: 0, Time: 0.08074688911437988, NFound: 10, Coef: 10
