Round: 1, Attack Type: Statistical Attack, Error: 0, Time: 0.08962512016296387, NFound: 5, Coef: 8
Round: 2, Attack Type: Statistical Attack, Error: 0, Time: 0.10434412956237793, NFound: 10, Coef: 10
