Round: 1, Attack Type: Statistical Attack, Error: 0, Time: 0.07133316993713379, NFound: 10, Coef: 10
Round: 2, Attack Type: Statistical Attack, Error: 0, Time: 0.07506203651428223, NFound: 10, Coef: 10
