Round: 1, Attack Type: Statistical Attack, Error: 0, Time: 0.0775599479675293, NFound: 5, Coef: 8
Round: 2, Attack Type: Statistical Attack, Error: 0, Time: 0.09721994400024414, NFound: 8, Coef: 8
