Round: 1, Attack Type: Statistical Attack, Error: 0, Time: 0.12384295463562012, NFound: 10, Coef: 10
Round: 2, Attack Type: Statistical Attack, Error: 0, Time: 0.10741806030273438, NFound: 10, Coef: 10
