Round: 1, Attack Type: Statistical Attack, Error: 0, Time: 0.07910275459289551, NFound: 5, Coef: 8
Round: 2, Attack Type: Statistical Attack, Error: 0, Time: 0.07847213745117188, NFound: 10, Coef: 10
