Round: 1, Attack Type: Statistical Attack, Error: 0, Time: 0.06891918182373047, NFound: 5, Coef: 8
Round: 2, Attack Type: Statistical Attack, Error: 0, Time: 0.08431100845336914, NFound: 10, Coef: 10
