Round: 1, Attack Type: Statistical Attack, Error: 0, Time: 0.06750607490539551, NFound: 5, Coef: 8
Round: 2, Attack Type: Statistical Attack, Error: 0, Time: 0.08515214920043945, NFound: 10, Coef: 10
