Round: 1, Attack Type: Statistical Attack, Error: 0, Time: 0.07514190673828125, NFound: 5, Coef: 8
Round: 2, Attack Type: Statistical Attack, Error: 0, Time: 0.08851408958435059, NFound: 10, Coef: 10
