Round: 1, Attack Type: Statistical Attack, Error: 0, Time: 0.0816950798034668, NFound: 10, Coef: 10
Round: 2, Attack Type: Statistical Attack, Error: 0, Time: 0.07988095283508301, NFound: 10, Coef: 10
