Round: 1, Attack Type: Statistical Attack, Error: 0, Time: 0.07628202438354492, NFound: 10, Coef: 10
Round: 2, Attack Type: Statistical Attack, Error: 0, Time: 0.08352303504943848, NFound: 10, Coef: 10
