Round: 1, Attack Type: Statistical Attack, Error: 0, Time: 0.07696366310119629, NFound: 10, Coef: 10
Round: 2, Attack Type: Statistical Attack, Error: 0, Time: 0.08345794677734375, NFound: 10, Coef: 10
