Round: 1, Attack Type: Statistical Attack, Error: 0, Time: 0.08333516120910645, NFound: 10, Coef: 10
Round: 2, Attack Type: Statistical Attack, Error: 0, Time: 0.08689093589782715, NFound: 10, Coef: 10
