Round: 1, Attack Type: Statistical Attack, Error: 0, Time: 0.07616305351257324, NFound: 10, Coef: 10
Round: 2, Attack Type: Statistical Attack, Error: 0, Time: 0.09563899040222168, NFound: 10, Coef: 10
