Round: 1, Attack Type: Statistical Attack, Error: 0, Time: 0.06023216247558594, NFound: 5, Coef: 8
Round: 2, Attack Type: Statistical Attack, Error: 0, Time: 0.07003498077392578, NFound: 9, Coef: 8
