Round: 1, Attack Type: Statistical Attack, Error: 0, Time: 0.07152414321899414, NFound: 10, Coef: 10
Round: 2, Attack Type: Statistical Attack, Error: 0, Time: 0.07503223419189453, NFound: 10, Coef: 10
