Round: 1, Attack Type: Statistical Attack, Error: 0, Time: 0.10366106033325195, NFound: 10, Coef: 10
Round: 2, Attack Type: Statistical Attack, Error: 0, Time: 0.12210679054260254, NFound: 10, Coef: 10
