Round: 1, Attack Type: Statistical Attack, Error: 0, Time: 0.08092284202575684, NFound: 5, Coef: 8
Round: 2, Attack Type: Statistical Attack, Error: 0, Time: 0.07882976531982422, NFound: 10, Coef: 10
