Round: 1, Attack Type: Statistical Attack, Error: 0, Time: 0.0791008472442627, NFound: 5, Coef: 8
Round: 2, Attack Type: Statistical Attack, Error: 0, Time: 0.09050416946411133, NFound: 10, Coef: 10
