Round: 1, Attack Type: Statistical Attack, Error: 0, Time: 0.08661818504333496, NFound: 10, Coef: 10
Round: 2, Attack Type: Statistical Attack, Error: 0, Time: 0.08855009078979492, NFound: 10, Coef: 10
