Round: 1, Attack Type: Statistical Attack, Error: 0, Time: 0.08064413070678711, NFound: 10, Coef: 10
Round: 2, Attack Type: Statistical Attack, Error: 0, Time: 0.07964587211608887, NFound: 10, Coef: 10
