Round: 1, Attack Type: Statistical Attack, Error: 0, Time: 0.0670771598815918, NFound: 5, Coef: 8
Round: 2, Attack Type: Statistical Attack, Error: 0, Time: 0.06933307647705078, NFound: 10, Coef: 10
