Round: 1, Attack Type: Statistical Attack, Error: 0, Time: 0.0625448226928711, NFound: 9, Coef: 9
Round: 2, Attack Type: Statistical Attack, Error: 0, Time: 0.0686190128326416, NFound: 10, Coef: 10
