Round: 1, Attack Type: Statistical Attack, Error: 0, Time: 0.07701516151428223, NFound: 5, Coef: 8
Round: 2, Attack Type: Statistical Attack, Error: 0, Time: 0.08853912353515625, NFound: 10, Coef: 10
