Round: 1, Attack Type: Statistical Attack, Error: 0, Time: 0.06984114646911621, NFound: 5, Coef: 8
Round: 2, Attack Type: Statistical Attack, Error: 0, Time: 0.08815693855285645, NFound: 9, Coef: 8
