Round: 1, Attack Type: Statistical Attack, Error: 0, Time: 0.07345199584960938, NFound: 5, Coef: 8
Round: 2, Attack Type: Statistical Attack, Error: 0, Time: 0.08486485481262207, NFound: 10, Coef: 10
