Round: 1, Attack Type: Statistical Attack, Error: 0, Time: 0.07444500923156738, NFound: 5, Coef: 8
Round: 2, Attack Type: Statistical Attack, Error: 0, Time: 0.09151411056518555, NFound: 10, Coef: 10
