Round: 1, Attack Type: Statistical Attack, Error: 0, Time: 0.06747007369995117, NFound: 10, Coef: 10
Round: 2, Attack Type: Statistical Attack, Error: 0, Time: 0.0788109302520752, NFound: 10, Coef: 10
