Round: 1, Attack Type: Statistical Attack, Error: 0, Time: 0.09268784523010254, NFound: 5, Coef: 8
Round: 2, Attack Type: Statistical Attack, Error: 0, Time: 0.10522580146789551, NFound: 10, Coef: 10
