Round: 1, Attack Type: Statistical Attack, Error: 0, Time: 0.10552000999450684, NFound: 10, Coef: 10
Round: 2, Attack Type: Statistical Attack, Error: 0, Time: 0.10595035552978516, NFound: 10, Coef: 10
