Round: 1, Attack Type: Statistical Attack, Error: 0, Time: 0.07187891006469727, NFound: 10, Coef: 10
Round: 2, Attack Type: Statistical Attack, Error: 0, Time: 0.08678293228149414, NFound: 9, Coef: 8
