Round: 1, Attack Type: Statistical Attack, Error: 0, Time: 0.07578587532043457, NFound: 10, Coef: 10
Round: 2, Attack Type: Statistical Attack, Error: 0, Time: 0.0787358283996582, NFound: 10, Coef: 10
