Round: 1, Attack Type: Statistical Attack, Error: 0, Time: 0.06843900680541992, NFound: 10, Coef: 10
Round: 2, Attack Type: Statistical Attack, Error: 0, Time: 0.08029317855834961, NFound: 10, Coef: 10
