Round: 1, Attack Type: Statistical Attack, Error: 0, Time: 0.08649492263793945, NFound: 10, Coef: 10
Round: 2, Attack Type: Statistical Attack, Error: 0, Time: 0.09145712852478027, NFound: 10, Coef: 10
