Round: 1, Attack Type: Statistical Attack, Error: 0, Time: 0.08986806869506836, NFound: 5, Coef: 8
Round: 2, Attack Type: Statistical Attack, Error: 0, Time: 0.0808413028717041, NFound: 10, Coef: 10
