Round: 1, Attack Type: Statistical Attack, Error: 0, Time: 0.07352900505065918, NFound: 10, Coef: 10
Round: 2, Attack Type: Statistical Attack, Error: 0, Time: 0.08321571350097656, NFound: 10, Coef: 10
