Round: 1, Attack Type: Statistical Attack, Error: 0, Time: 0.07514715194702148, NFound: 10, Coef: 10
Round: 2, Attack Type: Statistical Attack, Error: 0, Time: 0.0841372013092041, NFound: 10, Coef: 10
