Round: 1, Attack Type: Statistical Attack, Error: 0, Time: 0.07338070869445801, NFound: 10, Coef: 10
Round: 2, Attack Type: Statistical Attack, Error: 0, Time: 0.08373284339904785, NFound: 10, Coef: 10
