Round: 1, Attack Type: Statistical Attack, Error: 0, Time: 0.07066583633422852, NFound: 10, Coef: 10
Round: 2, Attack Type: Statistical Attack, Error: 0, Time: 0.07640290260314941, NFound: 10, Coef: 10
