Round: 1, Attack Type: Statistical Attack, Error: 0, Time: 0.070953369140625, NFound: 10, Coef: 10
Round: 2, Attack Type: Statistical Attack, Error: 0, Time: 0.08175992965698242, NFound: 10, Coef: 10
