Round: 1, Attack Type: Statistical Attack, Error: 0, Time: 0.0790560245513916, NFound: 5, Coef: 8
Round: 2, Attack Type: Statistical Attack, Error: 0, Time: 0.07874798774719238, NFound: 10, Coef: 10
