Round: 1, Attack Type: Statistical Attack, Error: 0, Time: 0.0773308277130127, NFound: 10, Coef: 10
Round: 2, Attack Type: Statistical Attack, Error: 0, Time: 0.08356785774230957, NFound: 10, Coef: 10
