Round: 1, Attack Type: Statistical Attack, Error: 0, Time: 0.10152506828308105, NFound: 5, Coef: 8
Round: 2, Attack Type: Statistical Attack, Error: 0, Time: 0.09959292411804199, NFound: 10, Coef: 10
