Round: 1, Attack Type: Statistical Attack, Error: 0, Time: 0.08434200286865234, NFound: 5, Coef: 8
Round: 2, Attack Type: Statistical Attack, Error: 0, Time: 0.10428810119628906, NFound: 10, Coef: 10
