Round: 1, Attack Type: Statistical Attack, Error: 0, Time: 0.16473722457885742, NFound: 10, Coef: 10
Round: 2, Attack Type: Statistical Attack, Error: 0, Time: 0.17085504531860352, NFound: 10, Coef: 10
