Round: 1, Attack Type: Statistical Attack, Error: 0, Time: 0.09215807914733887, NFound: 5, Coef: 8
Round: 2, Attack Type: Statistical Attack, Error: 0, Time: 0.09411263465881348, NFound: 10, Coef: 10
