Round: 1, Attack Type: Statistical Attack, Error: 0, Time: 0.06766986846923828, NFound: 5, Coef: 8
Round: 2, Attack Type: Statistical Attack, Error: 0, Time: 0.07442212104797363, NFound: 10, Coef: 10
