Round: 1, Attack Type: Statistical Attack, Error: 0, Time: 0.08606290817260742, NFound: 9, Coef: 9
Round: 2, Attack Type: Statistical Attack, Error: 0, Time: 0.09002900123596191, NFound: 10, Coef: 10
