Round: 1, Attack Type: Statistical Attack, Error: 0, Time: 0.07859086990356445, NFound: 5, Coef: 8
Round: 2, Attack Type: Statistical Attack, Error: 0, Time: 0.08593416213989258, NFound: 10, Coef: 10
