Round: 1, Attack Type: Statistical Attack, Error: 0, Time: 0.07780981063842773, NFound: 10, Coef: 10
Round: 2, Attack Type: Statistical Attack, Error: 0, Time: 0.08452415466308594, NFound: 8, Coef: 8
