Round: 1, Attack Type: Statistical Attack, Error: 0, Time: 0.09770917892456055, NFound: 10, Coef: 10
Round: 2, Attack Type: Statistical Attack, Error: 0, Time: 0.10072803497314453, NFound: 10, Coef: 10
