Round: 1, Attack Type: Statistical Attack, Error: 0, Time: 0.06858587265014648, NFound: 10, Coef: 10
Round: 2, Attack Type: Statistical Attack, Error: 0, Time: 0.08168792724609375, NFound: 10, Coef: 10
