Round: 1, Attack Type: Statistical Attack, Error: 0, Time: 0.08096194267272949, NFound: 10, Coef: 10
Round: 2, Attack Type: Statistical Attack, Error: 0, Time: 0.0777888298034668, NFound: 10, Coef: 10
