Round: 1, Attack Type: Statistical Attack, Error: 0, Time: 0.08063101768493652, NFound: 5, Coef: 8
Round: 2, Attack Type: Statistical Attack, Error: 0, Time: 0.0796351432800293, NFound: 10, Coef: 10
