Round: 1, Attack Type: Statistical Attack, Error: 0, Time: 0.07801198959350586, NFound: 5, Coef: 8
Round: 2, Attack Type: Statistical Attack, Error: 0, Time: 0.09151315689086914, NFound: 10, Coef: 10
