Round: 1, Attack Type: Statistical Attack, Error: 0, Time: 0.08633303642272949, NFound: 10, Coef: 10
Round: 2, Attack Type: Statistical Attack, Error: 0, Time: 0.09395194053649902, NFound: 10, Coef: 10
