Round: 1, Attack Type: Statistical Attack, Error: 0, Time: 0.059123992919921875, NFound: 5, Coef: 8
Round: 2, Attack Type: Statistical Attack, Error: 0, Time: 0.0699009895324707, NFound: 10, Coef: 10
