Round: 1, Attack Type: Statistical Attack, Error: 0, Time: 0.1117708683013916, NFound: 10, Coef: 10
Round: 2, Attack Type: Statistical Attack, Error: 0, Time: 0.1166081428527832, NFound: 10, Coef: 10
