Round: 1, Attack Type: Statistical Attack, Error: 0, Time: 0.09632205963134766, NFound: 5, Coef: 8
Round: 2, Attack Type: Statistical Attack, Error: 0, Time: 0.10513567924499512, NFound: 10, Coef: 10
