Round: 1, Attack Type: Statistical Attack, Error: 0, Time: 0.09420514106750488, NFound: 5, Coef: 8
Round: 2, Attack Type: Statistical Attack, Error: 0, Time: 0.10996508598327637, NFound: 10, Coef: 10
