Round: 1, Attack Type: Statistical Attack, Error: 0, Time: 0.07358622550964355, NFound: 10, Coef: 10
Round: 2, Attack Type: Statistical Attack, Error: 0, Time: 0.09006285667419434, NFound: 10, Coef: 10
