Round: 1, Attack Type: Statistical Attack, Error: 0, Time: 0.0792698860168457, NFound: 10, Coef: 10
Round: 2, Attack Type: Statistical Attack, Error: 0, Time: 0.07957983016967773, NFound: 10, Coef: 10
