Round: 1, Attack Type: Statistical Attack, Error: 0, Time: 0.08419299125671387, NFound: 10, Coef: 10
Round: 2, Attack Type: Statistical Attack, Error: 0, Time: 0.10037684440612793, NFound: 9, Coef: 8
