Round: 1, Attack Type: Statistical Attack, Error: 0, Time: 0.07611870765686035, NFound: 9, Coef: 8
Round: 2, Attack Type: Statistical Attack, Error: 0, Time: 0.07907271385192871, NFound: 10, Coef: 10
