Round: 1, Attack Type: Statistical Attack, Error: 0, Time: 0.07829523086547852, NFound: 5, Coef: 8
Round: 2, Attack Type: Statistical Attack, Error: 0, Time: 0.08072185516357422, NFound: 10, Coef: 10
