Round: 1, Attack Type: Statistical Attack, Error: 0, Time: 0.06296920776367188, NFound: 10, Coef: 10
Round: 2, Attack Type: Statistical Attack, Error: 0, Time: 0.07319235801696777, NFound: 10, Coef: 10
