Round: 1, Attack Type: Statistical Attack, Error: 0, Time: 0.09681820869445801, NFound: 10, Coef: 10
Round: 2, Attack Type: Statistical Attack, Error: 0, Time: 0.1303091049194336, NFound: 10, Coef: 10
