Round: 1, Attack Type: Statistical Attack, Error: 0, Time: 0.08830022811889648, NFound: 10, Coef: 10
Round: 2, Attack Type: Statistical Attack, Error: 0, Time: 0.07686805725097656, NFound: 10, Coef: 10
