Round: 1, Attack Type: Statistical Attack, Error: 0, Time: 0.085906982421875, NFound: 5, Coef: 8
Round: 2, Attack Type: Statistical Attack, Error: 0, Time: 0.09059619903564453, NFound: 10, Coef: 10
