Round: 1, Attack Type: Statistical Attack, Error: 0, Time: 0.06691598892211914, NFound: 10, Coef: 10
Round: 2, Attack Type: Statistical Attack, Error: 0, Time: 0.0782308578491211, NFound: 10, Coef: 10
