Round: 1, Attack Type: Statistical Attack, Error: 0, Time: 0.0702970027923584, NFound: 10, Coef: 10
Round: 2, Attack Type: Statistical Attack, Error: 0, Time: 0.07360196113586426, NFound: 10, Coef: 10
