Round: 1, Attack Type: Statistical Attack, Error: 0, Time: 0.09054684638977051, NFound: 5, Coef: 8
Round: 2, Attack Type: Statistical Attack, Error: 0, Time: 0.08773589134216309, NFound: 10, Coef: 10
