Round: 1, Attack Type: Statistical Attack, Error: 0, Time: 0.08612418174743652, NFound: 5, Coef: 8
Round: 2, Attack Type: Statistical Attack, Error: 0, Time: 0.07549214363098145, NFound: 10, Coef: 10
