Round: 1, Attack Type: Statistical Attack, Error: 0, Time: 0.07771801948547363, NFound: 5, Coef: 8
Round: 2, Attack Type: Statistical Attack, Error: 0, Time: 0.08648872375488281, NFound: 10, Coef: 10
