Round: 1, Attack Type: Statistical Attack, Error: 0, Time: 0.07390689849853516, NFound: 9, Coef: 8
Round: 2, Attack Type: Statistical Attack, Error: 0, Time: 0.07249879837036133, NFound: 10, Coef: 10
