Round: 1, Attack Type: Statistical Attack, Error: 0, Time: 0.08763813972473145, NFound: 9, Coef: 9
Round: 2, Attack Type: Statistical Attack, Error: 0, Time: 0.10819482803344727, NFound: 10, Coef: 10
