Round: 1, Attack Type: Statistical Attack, Error: 0, Time: 0.0966641902923584, NFound: 10, Coef: 10
Round: 2, Attack Type: Statistical Attack, Error: 0, Time: 0.1342298984527588, NFound: 9, Coef: 8
