Round: 1, Attack Type: Statistical Attack, Error: 0, Time: 0.10501670837402344, NFound: 10, Coef: 10
Round: 2, Attack Type: Statistical Attack, Error: 0, Time: 0.10743379592895508, NFound: 10, Coef: 10
