Round: 1, Attack Type: Statistical Attack, Error: 0, Time: 0.09530115127563477, NFound: 5, Coef: 8
Round: 2, Attack Type: Statistical Attack, Error: 0, Time: 0.09504008293151855, NFound: 10, Coef: 10
