Round: 1, Attack Type: Statistical Attack, Error: 0, Time: 0.09345602989196777, NFound: 5, Coef: 8
Round: 2, Attack Type: Statistical Attack, Error: 0, Time: 0.0870521068572998, NFound: 10, Coef: 10
