Round: 1, Attack Type: Statistical Attack, Error: 0, Time: 0.07403087615966797, NFound: 10, Coef: 10
Round: 2, Attack Type: Statistical Attack, Error: 0, Time: 0.07824897766113281, NFound: 10, Coef: 10
