Round: 1, Attack Type: Statistical Attack, Error: 0, Time: 0.0763099193572998, NFound: 5, Coef: 8
Round: 2, Attack Type: Statistical Attack, Error: 0, Time: 0.08156609535217285, NFound: 10, Coef: 10
