Round: 1, Attack Type: Statistical Attack, Error: 0, Time: 0.10670113563537598, NFound: 10, Coef: 10
Round: 2, Attack Type: Statistical Attack, Error: 0, Time: 0.12415099143981934, NFound: 9, Coef: 8
