Round: 1, Attack Type: Statistical Attack, Error: 0, Time: 0.06275701522827148, NFound: 10, Coef: 10
Round: 2, Attack Type: Statistical Attack, Error: 0, Time: 0.07642221450805664, NFound: 9, Coef: 8
