Round: 1, Attack Type: Statistical Attack, Error: 0, Time: 0.06812715530395508, NFound: 10, Coef: 10
Round: 2, Attack Type: Statistical Attack, Error: 0, Time: 0.08009815216064453, NFound: 10, Coef: 10
