Round: 1, Attack Type: Statistical Attack, Error: 0, Time: 0.07616114616394043, NFound: 10, Coef: 10
Round: 2, Attack Type: Statistical Attack, Error: 0, Time: 0.08744502067565918, NFound: 10, Coef: 10
