Round: 1, Attack Type: Statistical Attack, Error: 0, Time: 0.12372112274169922, NFound: 10, Coef: 10
Round: 2, Attack Type: Statistical Attack, Error: 0, Time: 0.1626269817352295, NFound: 10, Coef: 10
