Round: 1, Attack Type: Statistical Attack, Error: 0, Time: 0.06970691680908203, NFound: 9, Coef: 8
Round: 2, Attack Type: Statistical Attack, Error: 0, Time: 0.07893896102905273, NFound: 10, Coef: 10
