Round: 1, Attack Type: Statistical Attack, Error: 0, Time: 0.07761120796203613, NFound: 10, Coef: 10
Round: 2, Attack Type: Statistical Attack, Error: 0, Time: 0.07558083534240723, NFound: 10, Coef: 10
