Round: 1, Attack Type: Statistical Attack, Error: 0, Time: 0.09329700469970703, NFound: 5, Coef: 8
Round: 2, Attack Type: Statistical Attack, Error: 0, Time: 0.10617423057556152, NFound: 9, Coef: 8
