Round: 1, Attack Type: Statistical Attack, Error: 0, Time: 0.08639717102050781, NFound: 5, Coef: 8
Round: 2, Attack Type: Statistical Attack, Error: 0, Time: 0.09439206123352051, NFound: 10, Coef: 10
