Round: 1, Attack Type: Statistical Attack, Error: 0, Time: 0.0820322036743164, NFound: 10, Coef: 10
Round: 2, Attack Type: Statistical Attack, Error: 0, Time: 0.08157992362976074, NFound: 10, Coef: 10
