Round: 1, Attack Type: Statistical Attack, Error: 0, Time: 0.11177492141723633, NFound: 5, Coef: 8
Round: 2, Attack Type: Statistical Attack, Error: 0, Time: 0.12924790382385254, NFound: 10, Coef: 10
