Round: 1, Attack Type: Statistical Attack, Error: 0, Time: 0.14536595344543457, NFound: 10, Coef: 10
Round: 2, Attack Type: Statistical Attack, Error: 0, Time: 0.1385641098022461, NFound: 10, Coef: 10
