Round: 1, Attack Type: Statistical Attack, Error: 0, Time: 0.07404708862304688, NFound: 10, Coef: 10
Round: 2, Attack Type: Statistical Attack, Error: 0, Time: 0.08061099052429199, NFound: 10, Coef: 10
