Round: 1, Attack Type: Statistical Attack, Error: 0, Time: 0.0724942684173584, NFound: 5, Coef: 8
Round: 2, Attack Type: Statistical Attack, Error: 0, Time: 0.08170390129089355, NFound: 10, Coef: 10
