Round: 1, Attack Type: Statistical Attack, Error: 0, Time: 0.10623526573181152, NFound: 10, Coef: 10
Round: 2, Attack Type: Statistical Attack, Error: 0, Time: 0.09526491165161133, NFound: 10, Coef: 10
