Round: 1, Attack Type: Statistical Attack, Error: 0, Time: 0.0856943130493164, NFound: 10, Coef: 10
Round: 2, Attack Type: Statistical Attack, Error: 0, Time: 0.0791161060333252, NFound: 10, Coef: 10
