Round: 1, Attack Type: Statistical Attack, Error: 0, Time: 0.07679295539855957, NFound: 10, Coef: 10
Round: 2, Attack Type: Statistical Attack, Error: 0, Time: 0.0779261589050293, NFound: 10, Coef: 10
