Round: 1, Attack Type: Statistical Attack, Error: 0, Time: 0.07951211929321289, NFound: 10, Coef: 10
Round: 2, Attack Type: Statistical Attack, Error: 0, Time: 0.08720779418945312, NFound: 10, Coef: 10
