Round: 1, Attack Type: Statistical Attack, Error: 0, Time: 0.07614588737487793, NFound: 10, Coef: 10
Round: 2, Attack Type: Statistical Attack, Error: 0, Time: 0.08532881736755371, NFound: 10, Coef: 10
