Round: 1, Attack Type: Statistical Attack, Error: 0, Time: 0.07387113571166992, NFound: 5, Coef: 8
Round: 2, Attack Type: Statistical Attack, Error: 0, Time: 0.0784461498260498, NFound: 10, Coef: 10
