Round: 1, Attack Type: Statistical Attack, Error: 0, Time: 0.07775425910949707, NFound: 10, Coef: 10
Round: 2, Attack Type: Statistical Attack, Error: 0, Time: 0.07832694053649902, NFound: 10, Coef: 10
