Round: 1, Attack Type: Statistical Attack, Error: 0, Time: 0.0981287956237793, NFound: 10, Coef: 10
Round: 2, Attack Type: Statistical Attack, Error: 0, Time: 0.13048291206359863, NFound: 10, Coef: 10
