Round: 1, Attack Type: Statistical Attack, Error: 0, Time: 0.09750485420227051, NFound: 10, Coef: 10
Round: 2, Attack Type: Statistical Attack, Error: 0, Time: 0.13108301162719727, NFound: 10, Coef: 10
