Round: 1, Attack Type: Statistical Attack, Error: 0, Time: 0.06877017021179199, NFound: 10, Coef: 10
Round: 2, Attack Type: Statistical Attack, Error: 0, Time: 0.07362484931945801, NFound: 10, Coef: 10
