Round: 1, Attack Type: Statistical Attack, Error: 0, Time: 0.07628178596496582, NFound: 5, Coef: 8
Round: 2, Attack Type: Statistical Attack, Error: 0, Time: 0.07456779479980469, NFound: 10, Coef: 10
