Round: 1, Attack Type: Statistical Attack, Error: 0, Time: 0.07816100120544434, NFound: 5, Coef: 8
Round: 2, Attack Type: Statistical Attack, Error: 0, Time: 0.07383012771606445, NFound: 10, Coef: 10
