Round: 1, Attack Type: Statistical Attack, Error: 0, Time: 0.0883641242980957, NFound: 5, Coef: 8
Round: 2, Attack Type: Statistical Attack, Error: 0, Time: 0.07986927032470703, NFound: 10, Coef: 10
