Round: 1, Attack Type: Statistical Attack, Error: 0, Time: 0.077239990234375, NFound: 10, Coef: 10
Round: 2, Attack Type: Statistical Attack, Error: 0, Time: 0.08958697319030762, NFound: 10, Coef: 10
