Round: 1, Attack Type: Statistical Attack, Error: 0, Time: 0.09581708908081055, NFound: 5, Coef: 8
Round: 2, Attack Type: Statistical Attack, Error: 0, Time: 0.09509825706481934, NFound: 10, Coef: 10
