Round: 1, Attack Type: Statistical Attack, Error: 0, Time: 0.09987497329711914, NFound: 5, Coef: 8
Round: 2, Attack Type: Statistical Attack, Error: 0, Time: 0.09563612937927246, NFound: 10, Coef: 10
