Round: 1, Attack Type: Statistical Attack, Error: 0, Time: 0.1098480224609375, NFound: 9, Coef: 9
Round: 2, Attack Type: Statistical Attack, Error: 0, Time: 0.09734201431274414, NFound: 10, Coef: 10
