Round: 1, Attack Type: Statistical Attack, Error: 0, Time: 0.07298088073730469, NFound: 5, Coef: 8
Round: 2, Attack Type: Statistical Attack, Error: 0, Time: 0.08969998359680176, NFound: 10, Coef: 10
