Round: 1, Attack Type: Statistical Attack, Error: 0, Time: 0.07690095901489258, NFound: 5, Coef: 8
Round: 2, Attack Type: Statistical Attack, Error: 0, Time: 0.0863180160522461, NFound: 10, Coef: 10
