Round: 1, Attack Type: Statistical Attack, Error: 0, Time: 0.07233905792236328, NFound: 10, Coef: 10
Round: 2, Attack Type: Statistical Attack, Error: 0, Time: 0.08102726936340332, NFound: 10, Coef: 10
