Round: 1, Attack Type: Statistical Attack, Error: 0, Time: 0.07011818885803223, NFound: 10, Coef: 10
Round: 2, Attack Type: Statistical Attack, Error: 0, Time: 0.08089303970336914, NFound: 10, Coef: 10
