Round: 1, Attack Type: Statistical Attack, Error: 0, Time: 0.09496188163757324, NFound: 10, Coef: 10
Round: 2, Attack Type: Statistical Attack, Error: 0, Time: 0.09552931785583496, NFound: 10, Coef: 10
