Round: 1, Attack Type: Statistical Attack, Error: 0, Time: 0.10879015922546387, NFound: 10, Coef: 10
Round: 2, Attack Type: Statistical Attack, Error: 0, Time: 0.1134178638458252, NFound: 10, Coef: 10
