Round: 1, Attack Type: Statistical Attack, Error: 0, Time: 0.1007533073425293, NFound: 5, Coef: 8
Round: 2, Attack Type: Statistical Attack, Error: 0, Time: 0.10814785957336426, NFound: 10, Coef: 10
