Round: 1, Attack Type: Statistical Attack, Error: 0, Time: 0.08067512512207031, NFound: 5, Coef: 8
Round: 2, Attack Type: Statistical Attack, Error: 0, Time: 0.08059215545654297, NFound: 10, Coef: 10
