Round: 1, Attack Type: Statistical Attack, Error: 0, Time: 0.08434796333312988, NFound: 10, Coef: 10
Round: 2, Attack Type: Statistical Attack, Error: 0, Time: 0.09483695030212402, NFound: 10, Coef: 10
