Round: 1, Attack Type: Statistical Attack, Error: 0, Time: 0.07375788688659668, NFound: 10, Coef: 10
Round: 2, Attack Type: Statistical Attack, Error: 0, Time: 0.08079004287719727, NFound: 10, Coef: 10
