Round: 1, Attack Type: Statistical Attack, Error: 0, Time: 0.08673787117004395, NFound: 5, Coef: 8
Round: 2, Attack Type: Statistical Attack, Error: 0, Time: 0.08801007270812988, NFound: 10, Coef: 10
