Round: 1, Attack Type: Statistical Attack, Error: 0, Time: 0.09551000595092773, NFound: 10, Coef: 10
Round: 2, Attack Type: Statistical Attack, Error: 0, Time: 0.11326408386230469, NFound: 10, Coef: 10
