Round: 1, Attack Type: Statistical Attack, Error: 0, Time: 0.08366012573242188, NFound: 10, Coef: 10
Round: 2, Attack Type: Statistical Attack, Error: 0, Time: 0.08217072486877441, NFound: 10, Coef: 10
