Round: 1, Attack Type: Statistical Attack, Error: 0, Time: 0.10127615928649902, NFound: 10, Coef: 10
Round: 2, Attack Type: Statistical Attack, Error: 0, Time: 0.1118021011352539, NFound: 10, Coef: 10
