Round: 1, Attack Type: Statistical Attack, Error: 0, Time: 0.10449075698852539, NFound: 10, Coef: 10
Round: 2, Attack Type: Statistical Attack, Error: 0, Time: 0.12424206733703613, NFound: 10, Coef: 10
