Round: 1, Attack Type: Statistical Attack, Error: 0, Time: 0.06461024284362793, NFound: 10, Coef: 10
Round: 2, Attack Type: Statistical Attack, Error: 0, Time: 0.07696270942687988, NFound: 10, Coef: 10
