Round: 1, Attack Type: Statistical Attack, Error: 0, Time: 0.08161592483520508, NFound: 5, Coef: 8
Round: 2, Attack Type: Statistical Attack, Error: 0, Time: 0.0768578052520752, NFound: 10, Coef: 10
