Round: 1, Attack Type: Statistical Attack, Error: 0, Time: 0.08031582832336426, NFound: 10, Coef: 10
Round: 2, Attack Type: Statistical Attack, Error: 0, Time: 0.08624577522277832, NFound: 10, Coef: 10
