Round: 1, Attack Type: Statistical Attack, Error: 0, Time: 0.07132816314697266, NFound: 10, Coef: 10
Round: 2, Attack Type: Statistical Attack, Error: 0, Time: 0.09169673919677734, NFound: 10, Coef: 10
