Round: 1, Attack Type: Statistical Attack, Error: 0, Time: 0.09452199935913086, NFound: 10, Coef: 10
Round: 2, Attack Type: Statistical Attack, Error: 0, Time: 0.0966038703918457, NFound: 10, Coef: 10
