Round: 1, Attack Type: Statistical Attack, Error: 0, Time: 0.08179402351379395, NFound: 5, Coef: 8
Round: 2, Attack Type: Statistical Attack, Error: 0, Time: 0.0873270034790039, NFound: 9, Coef: 8
