Round: 1, Attack Type: Statistical Attack, Error: 0, Time: 0.09793996810913086, NFound: 10, Coef: 10
Round: 2, Attack Type: Statistical Attack, Error: 0, Time: 0.10460019111633301, NFound: 10, Coef: 10
