Round: 1, Attack Type: Statistical Attack, Error: 0, Time: 0.08486580848693848, NFound: 5, Coef: 8
Round: 2, Attack Type: Statistical Attack, Error: 0, Time: 0.09322810173034668, NFound: 9, Coef: 8
