Round: 1, Attack Type: Statistical Attack, Error: 0, Time: 0.07482314109802246, NFound: 10, Coef: 10
Round: 2, Attack Type: Statistical Attack, Error: 0, Time: 0.08941292762756348, NFound: 10, Coef: 10
