Round: 1, Attack Type: Statistical Attack, Error: 0, Time: 0.07013702392578125, NFound: 5, Coef: 8
Round: 2, Attack Type: Statistical Attack, Error: 0, Time: 0.07738804817199707, NFound: 10, Coef: 10
