Round: 1, Attack Type: Statistical Attack, Error: 0, Time: 0.07251214981079102, NFound: 10, Coef: 10
Round: 2, Attack Type: Statistical Attack, Error: 0, Time: 0.07805228233337402, NFound: 10, Coef: 10
