Round: 1, Attack Type: Statistical Attack, Error: 0, Time: 0.12396478652954102, NFound: 5, Coef: 8
Round: 2, Attack Type: Statistical Attack, Error: 0, Time: 0.11930012702941895, NFound: 10, Coef: 10
