Round: 1, Attack Type: Statistical Attack, Error: 0, Time: 0.07215070724487305, NFound: 10, Coef: 10
Round: 2, Attack Type: Statistical Attack, Error: 0, Time: 0.08661580085754395, NFound: 9, Coef: 8
