Round: 1, Attack Type: Statistical Attack, Error: 0, Time: 0.07132983207702637, NFound: 5, Coef: 8
Round: 2, Attack Type: Statistical Attack, Error: 0, Time: 0.08592987060546875, NFound: 10, Coef: 10
