Round: 1, Attack Type: Statistical Attack, Error: 0, Time: 0.13132786750793457, NFound: 5, Coef: 8
Round: 2, Attack Type: Statistical Attack, Error: 0, Time: 0.13489222526550293, NFound: 10, Coef: 10
