Round: 1, Attack Type: Statistical Attack, Error: 0, Time: 0.07320666313171387, NFound: 5, Coef: 8
Round: 2, Attack Type: Statistical Attack, Error: 0, Time: 0.07639908790588379, NFound: 10, Coef: 10
