Round: 1, Attack Type: Statistical Attack, Error: 0, Time: 0.07437896728515625, NFound: 5, Coef: 8
Round: 2, Attack Type: Statistical Attack, Error: 0, Time: 0.08207392692565918, NFound: 10, Coef: 10
