Round: 1, Attack Type: Statistical Attack, Error: 0, Time: 0.10588502883911133, NFound: 10, Coef: 10
Round: 2, Attack Type: Statistical Attack, Error: 0, Time: 0.11597204208374023, NFound: 10, Coef: 10
