Round: 1, Attack Type: Statistical Attack, Error: 0, Time: 0.07120418548583984, NFound: 10, Coef: 10
Round: 2, Attack Type: Statistical Attack, Error: 0, Time: 0.08117413520812988, NFound: 10, Coef: 10
