Round: 1, Attack Type: Statistical Attack, Error: 0, Time: 0.07473993301391602, NFound: 10, Coef: 10
Round: 2, Attack Type: Statistical Attack, Error: 0, Time: 0.08040904998779297, NFound: 10, Coef: 10
