Round: 1, Attack Type: Statistical Attack, Error: 0, Time: 0.06218600273132324, NFound: 5, Coef: 8
Round: 2, Attack Type: Statistical Attack, Error: 0, Time: 0.0718681812286377, NFound: 10, Coef: 10
