Round: 1, Attack Type: Statistical Attack, Error: 0, Time: 0.0856630802154541, NFound: 10, Coef: 10
Round: 2, Attack Type: Statistical Attack, Error: 0, Time: 0.10089921951293945, NFound: 9, Coef: 8
