Round: 1, Attack Type: Statistical Attack, Error: 0, Time: 0.08405613899230957, NFound: 5, Coef: 8
Round: 2, Attack Type: Statistical Attack, Error: 0, Time: 0.07707500457763672, NFound: 10, Coef: 10
