Round: 1, Attack Type: Statistical Attack, Error: 0, Time: 0.07051396369934082, NFound: 10, Coef: 10
Round: 2, Attack Type: Statistical Attack, Error: 0, Time: 0.08634614944458008, NFound: 9, Coef: 8
