Round: 1, Attack Type: Statistical Attack, Error: 0, Time: 0.0727238655090332, NFound: 10, Coef: 10
Round: 2, Attack Type: Statistical Attack, Error: 0, Time: 0.08664488792419434, NFound: 9, Coef: 8
