Round: 1, Attack Type: Statistical Attack, Error: 0, Time: 0.06804490089416504, NFound: 10, Coef: 10
Round: 2, Attack Type: Statistical Attack, Error: 0, Time: 0.08349490165710449, NFound: 10, Coef: 10
