Round: 1, Attack Type: Statistical Attack, Error: 0, Time: 0.06717801094055176, NFound: 9, Coef: 8
Round: 2, Attack Type: Statistical Attack, Error: 0, Time: 0.0685732364654541, NFound: 10, Coef: 10
