Round: 1, Attack Type: Statistical Attack, Error: 0, Time: 0.07677412033081055, NFound: 5, Coef: 8
Round: 2, Attack Type: Statistical Attack, Error: 0, Time: 0.08600187301635742, NFound: 10, Coef: 10
