Round: 1, Attack Type: Statistical Attack, Error: 0, Time: 0.08510398864746094, NFound: 10, Coef: 10
Round: 2, Attack Type: Statistical Attack, Error: 0, Time: 0.0820009708404541, NFound: 10, Coef: 10
