Round: 1, Attack Type: Statistical Attack, Error: 0, Time: 0.07131099700927734, NFound: 10, Coef: 10
Round: 2, Attack Type: Statistical Attack, Error: 0, Time: 0.07969307899475098, NFound: 10, Coef: 10
