Round: 1, Attack Type: Statistical Attack, Error: 0, Time: 0.07169604301452637, NFound: 10, Coef: 10
Round: 2, Attack Type: Statistical Attack, Error: 0, Time: 0.085906982421875, NFound: 10, Coef: 10
