Round: 1, Attack Type: Statistical Attack, Error: 0, Time: 0.07968306541442871, NFound: 5, Coef: 8
Round: 2, Attack Type: Statistical Attack, Error: 0, Time: 0.08188796043395996, NFound: 10, Coef: 10
