Round: 1, Attack Type: Statistical Attack, Error: 0, Time: 0.09031987190246582, NFound: 5, Coef: 8
Round: 2, Attack Type: Statistical Attack, Error: 0, Time: 0.11641597747802734, NFound: 10, Coef: 10
