Round: 1, Attack Type: Statistical Attack, Error: 0, Time: 0.08854079246520996, NFound: 10, Coef: 10
Round: 2, Attack Type: Statistical Attack, Error: 0, Time: 0.10528111457824707, NFound: 10, Coef: 10
