Round: 1, Attack Type: Statistical Attack, Error: 0, Time: 0.06345963478088379, NFound: 10, Coef: 10
Round: 2, Attack Type: Statistical Attack, Error: 0, Time: 0.0686650276184082, NFound: 10, Coef: 10
