Round: 1, Attack Type: Statistical Attack, Error: 0, Time: 0.07671999931335449, NFound: 5, Coef: 8
Round: 2, Attack Type: Statistical Attack, Error: 0, Time: 0.08918595314025879, NFound: 9, Coef: 8
