Round: 1, Attack Type: Statistical Attack, Error: 0, Time: 0.0738077163696289, NFound: 5, Coef: 8
Round: 2, Attack Type: Statistical Attack, Error: 0, Time: 0.09190893173217773, NFound: 10, Coef: 10
