Round: 1, Attack Type: Statistical Attack, Error: 0, Time: 0.09913492202758789, NFound: 10, Coef: 10
Round: 2, Attack Type: Statistical Attack, Error: 0, Time: 0.09115219116210938, NFound: 10, Coef: 10
