Round: 1, Attack Type: Statistical Attack, Error: 0, Time: 0.0800938606262207, NFound: 10, Coef: 10
Round: 2, Attack Type: Statistical Attack, Error: 0, Time: 0.09190917015075684, NFound: 8, Coef: 8
