Round: 1, Attack Type: Statistical Attack, Error: 0, Time: 0.06799912452697754, NFound: 5, Coef: 8
Round: 2, Attack Type: Statistical Attack, Error: 0, Time: 0.07603669166564941, NFound: 10, Coef: 10
