Round: 1, Attack Type: Statistical Attack, Error: 0, Time: 0.07294082641601562, NFound: 5, Coef: 8
Round: 2, Attack Type: Statistical Attack, Error: 0, Time: 0.07793998718261719, NFound: 10, Coef: 10
