Round: 1, Attack Type: Statistical Attack, Error: 0, Time: 0.08238673210144043, NFound: 10, Coef: 10
Round: 2, Attack Type: Statistical Attack, Error: 0, Time: 0.0919342041015625, NFound: 10, Coef: 10
