Round: 1, Attack Type: Statistical Attack, Error: 0, Time: 0.08396506309509277, NFound: 5, Coef: 8
Round: 2, Attack Type: Statistical Attack, Error: 0, Time: 0.1153261661529541, NFound: 10, Coef: 10
