Round: 1, Attack Type: Statistical Attack, Error: 0, Time: 0.0694267749786377, NFound: 10, Coef: 10
Round: 2, Attack Type: Statistical Attack, Error: 0, Time: 0.08797907829284668, NFound: 10, Coef: 10
