Round: 1, Attack Type: Statistical Attack, Error: 0, Time: 0.09443020820617676, NFound: 5, Coef: 8
Round: 2, Attack Type: Statistical Attack, Error: 0, Time: 0.09221601486206055, NFound: 10, Coef: 10
