Round: 1, Attack Type: Statistical Attack, Error: 0, Time: 0.09209394454956055, NFound: 5, Coef: 8
Round: 2, Attack Type: Statistical Attack, Error: 0, Time: 0.10793757438659668, NFound: 10, Coef: 10
