Round: 1, Attack Type: Statistical Attack, Error: 0, Time: 0.07425379753112793, NFound: 5, Coef: 8
Round: 2, Attack Type: Statistical Attack, Error: 0, Time: 0.0842289924621582, NFound: 10, Coef: 10
