Round: 1, Attack Type: Statistical Attack, Error: 0, Time: 0.06216692924499512, NFound: 10, Coef: 10
Round: 2, Attack Type: Statistical Attack, Error: 0, Time: 0.07903313636779785, NFound: 9, Coef: 8
