Round: 1, Attack Type: Statistical Attack, Error: 0, Time: 0.07146096229553223, NFound: 10, Coef: 10
Round: 2, Attack Type: Statistical Attack, Error: 0, Time: 0.0787818431854248, NFound: 10, Coef: 10
