Round: 1, Attack Type: Statistical Attack, Error: 0, Time: 0.06144309043884277, NFound: 10, Coef: 10
Round: 2, Attack Type: Statistical Attack, Error: 0, Time: 0.0784308910369873, NFound: 10, Coef: 10
