Round: 1, Attack Type: Statistical Attack, Error: 0, Time: 0.09154105186462402, NFound: 10, Coef: 10
Round: 2, Attack Type: Statistical Attack, Error: 0, Time: 0.1051170825958252, NFound: 10, Coef: 10
