Round: 1, Attack Type: Statistical Attack, Error: 0, Time: 0.13340997695922852, NFound: 10, Coef: 10
Round: 2, Attack Type: Statistical Attack, Error: 0, Time: 0.14774084091186523, NFound: 10, Coef: 10
