Round: 1, Attack Type: Statistical Attack, Error: 0, Time: 0.07645010948181152, NFound: 5, Coef: 8
Round: 2, Attack Type: Statistical Attack, Error: 0, Time: 0.0749671459197998, NFound: 10, Coef: 10
