Round: 1, Attack Type: Statistical Attack, Error: 0, Time: 0.07701563835144043, NFound: 5, Coef: 8
Round: 2, Attack Type: Statistical Attack, Error: 0, Time: 0.07562708854675293, NFound: 10, Coef: 10
