Round: 1, Attack Type: Statistical Attack, Error: 0, Time: 0.06740403175354004, NFound: 10, Coef: 10
Round: 2, Attack Type: Statistical Attack, Error: 0, Time: 0.08672308921813965, NFound: 9, Coef: 8
