Round: 1, Attack Type: Statistical Attack, Error: 0, Time: 0.05774521827697754, NFound: 10, Coef: 10
Round: 2, Attack Type: Statistical Attack, Error: 0, Time: 0.06393885612487793, NFound: 10, Coef: 10
