Round: 1, Attack Type: Statistical Attack, Error: 0, Time: 0.1349320411682129, NFound: 5, Coef: 8
Round: 2, Attack Type: Statistical Attack, Error: 0, Time: 0.1477680206298828, NFound: 10, Coef: 10
