Round: 1, Attack Type: Statistical Attack, Error: 0, Time: 0.08822107315063477, NFound: 5, Coef: 8
Round: 2, Attack Type: Statistical Attack, Error: 0, Time: 0.09643077850341797, NFound: 10, Coef: 10
