Round: 1, Attack Type: Statistical Attack, Error: 0, Time: 0.0819849967956543, NFound: 10, Coef: 10
Round: 2, Attack Type: Statistical Attack, Error: 0, Time: 0.0845026969909668, NFound: 10, Coef: 10
