Round: 1, Attack Type: Statistical Attack, Error: 0, Time: 0.06849002838134766, NFound: 10, Coef: 10
Round: 2, Attack Type: Statistical Attack, Error: 0, Time: 0.08354496955871582, NFound: 10, Coef: 10
