Round: 1, Attack Type: Statistical Attack, Error: 0, Time: 0.0789039134979248, NFound: 10, Coef: 10
Round: 2, Attack Type: Statistical Attack, Error: 0, Time: 0.08296489715576172, NFound: 10, Coef: 10
