Round: 1, Attack Type: Statistical Attack, Error: 0, Time: 0.06342911720275879, NFound: 5, Coef: 8
Round: 2, Attack Type: Statistical Attack, Error: 0, Time: 0.06476807594299316, NFound: 10, Coef: 10
