Round: 1, Attack Type: Statistical Attack, Error: 0, Time: 0.0687859058380127, NFound: 10, Coef: 10
Round: 2, Attack Type: Statistical Attack, Error: 0, Time: 0.08525586128234863, NFound: 10, Coef: 10
