Round: 1, Attack Type: Statistical Attack, Error: 0, Time: 0.09571671485900879, NFound: 10, Coef: 10
Round: 2, Attack Type: Statistical Attack, Error: 0, Time: 0.10164999961853027, NFound: 10, Coef: 10
