Round: 1, Attack Type: Statistical Attack, Error: 0, Time: 0.1035451889038086, NFound: 5, Coef: 8
Round: 2, Attack Type: Statistical Attack, Error: 0, Time: 0.1125800609588623, NFound: 10, Coef: 10
