Round: 1, Attack Type: Statistical Attack, Error: 0, Time: 0.09984517097473145, NFound: 5, Coef: 8
Round: 2, Attack Type: Statistical Attack, Error: 0, Time: 0.11067080497741699, NFound: 10, Coef: 10
