Round: 1, Attack Type: Statistical Attack, Error: 0, Time: 0.07871294021606445, NFound: 5, Coef: 8
Round: 2, Attack Type: Statistical Attack, Error: 0, Time: 0.08190298080444336, NFound: 10, Coef: 10
