Round: 1, Attack Type: Statistical Attack, Error: 0, Time: 0.07715010643005371, NFound: 5, Coef: 8
Round: 2, Attack Type: Statistical Attack, Error: 0, Time: 0.07669186592102051, NFound: 10, Coef: 10
