Round: 1, Attack Type: Statistical Attack, Error: 0, Time: 0.10976386070251465, NFound: 5, Coef: 8
Round: 2, Attack Type: Statistical Attack, Error: 0, Time: 0.10746288299560547, NFound: 10, Coef: 10
