Round: 1, Attack Type: Statistical Attack, Error: 0, Time: 0.06630110740661621, NFound: 5, Coef: 8
Round: 2, Attack Type: Statistical Attack, Error: 0, Time: 0.0705561637878418, NFound: 10, Coef: 10
