Round: 1, Attack Type: Statistical Attack, Error: 0, Time: 0.06783509254455566, NFound: 10, Coef: 10
Round: 2, Attack Type: Statistical Attack, Error: 0, Time: 0.09101700782775879, NFound: 10, Coef: 10
