Round: 1, Attack Type: Statistical Attack, Error: 0, Time: 0.0777289867401123, NFound: 10, Coef: 10
Round: 2, Attack Type: Statistical Attack, Error: 0, Time: 0.0819399356842041, NFound: 10, Coef: 10
