Round: 1, Attack Type: Statistical Attack, Error: 0, Time: 0.07790422439575195, NFound: 10, Coef: 10
Round: 2, Attack Type: Statistical Attack, Error: 0, Time: 0.08676767349243164, NFound: 10, Coef: 10
