Round: 1, Attack Type: Statistical Attack, Error: 0, Time: 0.07907295227050781, NFound: 10, Coef: 10
Round: 2, Attack Type: Statistical Attack, Error: 0, Time: 0.07647109031677246, NFound: 10, Coef: 10
