Round: 1, Attack Type: Statistical Attack, Error: 0, Time: 0.0762321949005127, NFound: 10, Coef: 10
Round: 2, Attack Type: Statistical Attack, Error: 0, Time: 0.08026289939880371, NFound: 10, Coef: 10
