Round: 1, Attack Type: Statistical Attack, Error: 0, Time: 0.06298708915710449, NFound: 5, Coef: 8
Round: 2, Attack Type: Statistical Attack, Error: 0, Time: 0.06949996948242188, NFound: 10, Coef: 10
