Round: 1, Attack Type: Statistical Attack, Error: 0, Time: 0.08268904685974121, NFound: 5, Coef: 8
Round: 2, Attack Type: Statistical Attack, Error: 0, Time: 0.11904120445251465, NFound: 10, Coef: 10
