Round: 1, Attack Type: Statistical Attack, Error: 0, Time: 0.07961392402648926, NFound: 5, Coef: 8
Round: 2, Attack Type: Statistical Attack, Error: 0, Time: 0.09179019927978516, NFound: 10, Coef: 10
