Round: 1, Attack Type: Statistical Attack, Error: 0, Time: 0.07229113578796387, NFound: 5, Coef: 8
Round: 2, Attack Type: Statistical Attack, Error: 0, Time: 0.08584189414978027, NFound: 10, Coef: 10
