Round: 1, Attack Type: Statistical Attack, Error: 0, Time: 0.08081507682800293, NFound: 10, Coef: 10
Round: 2, Attack Type: Statistical Attack, Error: 0, Time: 0.08606290817260742, NFound: 10, Coef: 10
