Round: 1, Attack Type: Statistical Attack, Error: 0, Time: 0.08993911743164062, NFound: 5, Coef: 8
Round: 2, Attack Type: Statistical Attack, Error: 0, Time: 0.09747600555419922, NFound: 10, Coef: 10
