Round: 1, Attack Type: Statistical Attack, Error: 0, Time: 0.10076498985290527, NFound: 10, Coef: 10
Round: 2, Attack Type: Statistical Attack, Error: 0, Time: 0.11247491836547852, NFound: 10, Coef: 10
