Round: 1, Attack Type: Statistical Attack, Error: 0, Time: 0.1226191520690918, NFound: 5, Coef: 8
Round: 2, Attack Type: Statistical Attack, Error: 0, Time: 0.10845589637756348, NFound: 10, Coef: 10
