Round: 1, Attack Type: Statistical Attack, Error: 0, Time: 0.08701586723327637, NFound: 10, Coef: 10
Round: 2, Attack Type: Statistical Attack, Error: 0, Time: 0.11267614364624023, NFound: 10, Coef: 10
