Round: 1, Attack Type: Statistical Attack, Error: 0, Time: 0.0683441162109375, NFound: 10, Coef: 10
Round: 2, Attack Type: Statistical Attack, Error: 0, Time: 0.0666649341583252, NFound: 10, Coef: 10
