Round: 1, Attack Type: Statistical Attack, Error: 0, Time: 0.0798802375793457, NFound: 10, Coef: 10
Round: 2, Attack Type: Statistical Attack, Error: 0, Time: 0.08164405822753906, NFound: 10, Coef: 10
