Round: 1, Attack Type: Statistical Attack, Error: 0, Time: 0.07584404945373535, NFound: 5, Coef: 8
Round: 2, Attack Type: Statistical Attack, Error: 0, Time: 0.08706092834472656, NFound: 10, Coef: 10
