Round: 1, Attack Type: Statistical Attack, Error: 0, Time: 0.08248496055603027, NFound: 10, Coef: 10
Round: 2, Attack Type: Statistical Attack, Error: 0, Time: 0.08376002311706543, NFound: 10, Coef: 10
