Round: 1, Attack Type: Statistical Attack, Error: 0, Time: 0.07303094863891602, NFound: 5, Coef: 8
Round: 2, Attack Type: Statistical Attack, Error: 0, Time: 0.07630634307861328, NFound: 10, Coef: 10
