Round: 1, Attack Type: Statistical Attack, Error: 0, Time: 0.07854676246643066, NFound: 5, Coef: 8
Round: 2, Attack Type: Statistical Attack, Error: 0, Time: 0.08690571784973145, NFound: 10, Coef: 10
