Round: 1, Attack Type: Statistical Attack, Error: 0, Time: 0.07997918128967285, NFound: 10, Coef: 10
Round: 2, Attack Type: Statistical Attack, Error: 0, Time: 0.08437299728393555, NFound: 10, Coef: 10
