Round: 1, Attack Type: Statistical Attack, Error: 0, Time: 0.08251404762268066, NFound: 5, Coef: 8
Round: 2, Attack Type: Statistical Attack, Error: 0, Time: 0.07332015037536621, NFound: 10, Coef: 10
