Round: 1, Attack Type: Statistical Attack, Error: 0, Time: 0.11719489097595215, NFound: 5, Coef: 8
Round: 2, Attack Type: Statistical Attack, Error: 0, Time: 0.12694907188415527, NFound: 10, Coef: 10
