Round: 1, Attack Type: Statistical Attack, Error: 0, Time: 0.08972692489624023, NFound: 5, Coef: 8
Round: 2, Attack Type: Statistical Attack, Error: 0, Time: 0.10132884979248047, NFound: 10, Coef: 10
