Round: 1, Attack Type: Statistical Attack, Error: 0, Time: 0.07360100746154785, NFound: 5, Coef: 8
Round: 2, Attack Type: Statistical Attack, Error: 0, Time: 0.07885384559631348, NFound: 10, Coef: 10
