Round: 1, Attack Type: Statistical Attack, Error: 0, Time: 0.08998298645019531, NFound: 10, Coef: 10
Round: 2, Attack Type: Statistical Attack, Error: 0, Time: 0.09399127960205078, NFound: 10, Coef: 10
