Round: 1, Attack Type: Statistical Attack, Error: 0, Time: 0.08132576942443848, NFound: 10, Coef: 10
Round: 2, Attack Type: Statistical Attack, Error: 0, Time: 0.10393714904785156, NFound: 10, Coef: 10
