Round: 1, Attack Type: Statistical Attack, Error: 0, Time: 0.08439970016479492, NFound: 5, Coef: 8
Round: 2, Attack Type: Statistical Attack, Error: 0, Time: 0.09478235244750977, NFound: 9, Coef: 8
