Round: 1, Attack Type: Statistical Attack, Error: 0, Time: 0.07351016998291016, NFound: 10, Coef: 10
Round: 2, Attack Type: Statistical Attack, Error: 0, Time: 0.07863283157348633, NFound: 10, Coef: 10
