Round: 1, Attack Type: Statistical Attack, Error: 0, Time: 0.09784221649169922, NFound: 10, Coef: 10
Round: 2, Attack Type: Statistical Attack, Error: 0, Time: 0.09514808654785156, NFound: 10, Coef: 10
