Round: 1, Attack Type: Statistical Attack, Error: 0, Time: 0.09990286827087402, NFound: 10, Coef: 10
Round: 2, Attack Type: Statistical Attack, Error: 0, Time: 0.09944510459899902, NFound: 10, Coef: 10
