Round: 1, Attack Type: Statistical Attack, Error: 0, Time: 0.08232927322387695, NFound: 5, Coef: 8
Round: 2, Attack Type: Statistical Attack, Error: 0, Time: 0.0774538516998291, NFound: 10, Coef: 10
