Round: 1, Attack Type: Statistical Attack, Error: 0, Time: 0.07710003852844238, NFound: 5, Coef: 8
Round: 2, Attack Type: Statistical Attack, Error: 0, Time: 0.07447385787963867, NFound: 10, Coef: 10
