Round: 1, Attack Type: Statistical Attack, Error: 0, Time: 0.0712270736694336, NFound: 10, Coef: 10
Round: 2, Attack Type: Statistical Attack, Error: 0, Time: 0.07268810272216797, NFound: 10, Coef: 10
