Round: 1, Attack Type: Statistical Attack, Error: 0, Time: 0.06977319717407227, NFound: 5, Coef: 8
Round: 2, Attack Type: Statistical Attack, Error: 0, Time: 0.08352899551391602, NFound: 10, Coef: 10
