Round: 1, Attack Type: Statistical Attack, Error: 0, Time: 0.08561205863952637, NFound: 10, Coef: 10
Round: 2, Attack Type: Statistical Attack, Error: 0, Time: 0.10290002822875977, NFound: 10, Coef: 10
