Round: 1, Attack Type: Statistical Attack, Error: 0, Time: 0.06291413307189941, NFound: 5, Coef: 8
Round: 2, Attack Type: Statistical Attack, Error: 0, Time: 0.06289100646972656, NFound: 10, Coef: 10
