Round: 1, Attack Type: Statistical Attack, Error: 0, Time: 0.0685110092163086, NFound: 10, Coef: 10
Round: 2, Attack Type: Statistical Attack, Error: 0, Time: 0.0780329704284668, NFound: 10, Coef: 10
