Round: 1, Attack Type: Statistical Attack, Error: 0, Time: 0.10197186470031738, NFound: 10, Coef: 10
Round: 2, Attack Type: Statistical Attack, Error: 0, Time: 0.12307095527648926, NFound: 10, Coef: 10
