Round: 1, Attack Type: Statistical Attack, Error: 0, Time: 0.0892481803894043, NFound: 5, Coef: 8
Round: 2, Attack Type: Statistical Attack, Error: 0, Time: 0.11519217491149902, NFound: 10, Coef: 10
