Round: 1, Attack Type: Statistical Attack, Error: 0, Time: 0.07985997200012207, NFound: 5, Coef: 8
Round: 2, Attack Type: Statistical Attack, Error: 0, Time: 0.08307600021362305, NFound: 10, Coef: 10
