Round: 1, Attack Type: Statistical Attack, Error: 0, Time: 0.08102297782897949, NFound: 10, Coef: 10
Round: 2, Attack Type: Statistical Attack, Error: 0, Time: 0.07377409934997559, NFound: 10, Coef: 10
