Round: 1, Attack Type: Statistical Attack, Error: 0, Time: 0.0813148021697998, NFound: 10, Coef: 10
Round: 2, Attack Type: Statistical Attack, Error: 0, Time: 0.10547494888305664, NFound: 10, Coef: 10
