Round: 1, Attack Type: Statistical Attack, Error: 0, Time: 0.07670998573303223, NFound: 9, Coef: 8
Round: 2, Attack Type: Statistical Attack, Error: 0, Time: 0.07835006713867188, NFound: 10, Coef: 10
