Round: 1, Attack Type: Statistical Attack, Error: 0, Time: 0.06480789184570312, NFound: 10, Coef: 10
Round: 2, Attack Type: Statistical Attack, Error: 0, Time: 0.07187104225158691, NFound: 9, Coef: 8
