Round: 1, Attack Type: Statistical Attack, Error: 0, Time: 0.08531713485717773, NFound: 10, Coef: 10
Round: 2, Attack Type: Statistical Attack, Error: 0, Time: 0.10131287574768066, NFound: 10, Coef: 10
