Round: 1, Attack Type: Statistical Attack, Error: 0, Time: 0.0743858814239502, NFound: 10, Coef: 10
Round: 2, Attack Type: Statistical Attack, Error: 0, Time: 0.08593416213989258, NFound: 10, Coef: 10
