Round: 1, Attack Type: Statistical Attack, Error: 0, Time: 0.08496713638305664, NFound: 5, Coef: 8
Round: 2, Attack Type: Statistical Attack, Error: 0, Time: 0.08168792724609375, NFound: 10, Coef: 10
