Round: 1, Attack Type: Statistical Attack, Error: 0, Time: 0.07049703598022461, NFound: 5, Coef: 8
Round: 2, Attack Type: Statistical Attack, Error: 0, Time: 0.07212376594543457, NFound: 10, Coef: 10
