Round: 1, Attack Type: Statistical Attack, Error: 0, Time: 0.08231973648071289, NFound: 5, Coef: 8
Round: 2, Attack Type: Statistical Attack, Error: 0, Time: 0.08792614936828613, NFound: 10, Coef: 10
