Round: 1, Attack Type: Statistical Attack, Error: 0, Time: 0.08457803726196289, NFound: 5, Coef: 8
Round: 2, Attack Type: Statistical Attack, Error: 0, Time: 0.08096885681152344, NFound: 10, Coef: 10
