Round: 1, Attack Type: Statistical Attack, Error: 0, Time: 0.08649802207946777, NFound: 10, Coef: 10
Round: 2, Attack Type: Statistical Attack, Error: 0, Time: 0.10841798782348633, NFound: 10, Coef: 10
