Round: 1, Attack Type: Statistical Attack, Error: 0, Time: 0.13116788864135742, NFound: 10, Coef: 10
Round: 2, Attack Type: Statistical Attack, Error: 0, Time: 0.12030386924743652, NFound: 10, Coef: 10
