Round: 1, Attack Type: Statistical Attack, Error: 0, Time: 0.0794820785522461, NFound: 10, Coef: 10
Round: 2, Attack Type: Statistical Attack, Error: 0, Time: 0.08370685577392578, NFound: 10, Coef: 10
