Round: 1, Attack Type: Statistical Attack, Error: 0, Time: 0.0720510482788086, NFound: 10, Coef: 10
Round: 2, Attack Type: Statistical Attack, Error: 0, Time: 0.09139394760131836, NFound: 10, Coef: 10
