Round: 1, Attack Type: Statistical Attack, Error: 0, Time: 0.07662510871887207, NFound: 5, Coef: 8
Round: 2, Attack Type: Statistical Attack, Error: 0, Time: 0.09016013145446777, NFound: 10, Coef: 10
