Round: 1, Attack Type: Statistical Attack, Error: 0, Time: 0.09267616271972656, NFound: 5, Coef: 8
Round: 2, Attack Type: Statistical Attack, Error: 0, Time: 0.11106109619140625, NFound: 10, Coef: 10
