Round: 1, Attack Type: Statistical Attack, Error: 0, Time: 0.07837963104248047, NFound: 5, Coef: 8
Round: 2, Attack Type: Statistical Attack, Error: 0, Time: 0.0911407470703125, NFound: 9, Coef: 8
