Round: 1, Attack Type: Statistical Attack, Error: 0, Time: 0.06833791732788086, NFound: 10, Coef: 10
Round: 2, Attack Type: Statistical Attack, Error: 0, Time: 0.0821077823638916, NFound: 10, Coef: 10
