Round: 1, Attack Type: Statistical Attack, Error: 0, Time: 0.07466602325439453, NFound: 5, Coef: 8
Round: 2, Attack Type: Statistical Attack, Error: 0, Time: 0.0769491195678711, NFound: 10, Coef: 10
