Round: 1, Attack Type: Statistical Attack, Error: 0, Time: 0.1012880802154541, NFound: 10, Coef: 10
Round: 2, Attack Type: Statistical Attack, Error: 0, Time: 0.0914912223815918, NFound: 10, Coef: 10
