Round: 1, Attack Type: Statistical Attack, Error: 0, Time: 0.07971000671386719, NFound: 5, Coef: 8
Round: 2, Attack Type: Statistical Attack, Error: 0, Time: 0.08884024620056152, NFound: 9, Coef: 8
