Round: 1, Attack Type: Statistical Attack, Error: 0, Time: 0.10995984077453613, NFound: 5, Coef: 8
Round: 2, Attack Type: Statistical Attack, Error: 0, Time: 0.11159205436706543, NFound: 10, Coef: 10
