Round: 1, Attack Type: Statistical Attack, Error: 0, Time: 0.10990190505981445, NFound: 10, Coef: 10
Round: 2, Attack Type: Statistical Attack, Error: 0, Time: 0.12305521965026855, NFound: 10, Coef: 10
