Round: 1, Attack Type: Statistical Attack, Error: 0, Time: 0.07402515411376953, NFound: 5, Coef: 8
Round: 2, Attack Type: Statistical Attack, Error: 0, Time: 0.08104705810546875, NFound: 10, Coef: 10
