Round: 1, Attack Type: Statistical Attack, Error: 0, Time: 0.09392499923706055, NFound: 5, Coef: 8
Round: 2, Attack Type: Statistical Attack, Error: 0, Time: 0.10357999801635742, NFound: 10, Coef: 10
