Round: 1, Attack Type: Statistical Attack, Error: 0, Time: 0.09034299850463867, NFound: 5, Coef: 8
Round: 2, Attack Type: Statistical Attack, Error: 0, Time: 0.09992814064025879, NFound: 10, Coef: 10
