Round: 1, Attack Type: Statistical Attack, Error: 0, Time: 0.07054686546325684, NFound: 5, Coef: 8
Round: 2, Attack Type: Statistical Attack, Error: 0, Time: 0.08909821510314941, NFound: 10, Coef: 10
