Round: 1, Attack Type: Statistical Attack, Error: 0, Time: 0.07240104675292969, NFound: 5, Coef: 8
Round: 2, Attack Type: Statistical Attack, Error: 0, Time: 0.0997002124786377, NFound: 10, Coef: 10
