Round: 1, Attack Type: Statistical Attack, Error: 0, Time: 0.09727191925048828, NFound: 10, Coef: 10
Round: 2, Attack Type: Statistical Attack, Error: 0, Time: 0.10323405265808105, NFound: 10, Coef: 10
