Round: 1, Attack Type: Statistical Attack, Error: 0, Time: 0.10014724731445312, NFound: 5, Coef: 8
Round: 2, Attack Type: Statistical Attack, Error: 0, Time: 0.11911296844482422, NFound: 10, Coef: 10
