Round: 1, Attack Type: Statistical Attack, Error: 0, Time: 0.056854963302612305, NFound: 10, Coef: 10
Round: 2, Attack Type: Statistical Attack, Error: 0, Time: 0.06972193717956543, NFound: 10, Coef: 10
