Round: 1, Attack Type: Statistical Attack, Error: 0, Time: 0.09271788597106934, NFound: 10, Coef: 10
Round: 2, Attack Type: Statistical Attack, Error: 0, Time: 0.11587405204772949, NFound: 10, Coef: 10
