Round: 1, Attack Type: Statistical Attack, Error: 0, Time: 0.07026791572570801, NFound: 10, Coef: 10
Round: 2, Attack Type: Statistical Attack, Error: 0, Time: 0.08242106437683105, NFound: 10, Coef: 10
