Round: 1, Attack Type: Statistical Attack, Error: 0, Time: 0.09328174591064453, NFound: 5, Coef: 8
Round: 2, Attack Type: Statistical Attack, Error: 0, Time: 0.10908913612365723, NFound: 10, Coef: 10
