Round: 1, Attack Type: Statistical Attack, Error: 0, Time: 0.06934213638305664, NFound: 5, Coef: 8
Round: 2, Attack Type: Statistical Attack, Error: 0, Time: 0.07631897926330566, NFound: 10, Coef: 10
