Round: 1, Attack Type: Statistical Attack, Error: 0, Time: 0.07171201705932617, NFound: 10, Coef: 10
Round: 2, Attack Type: Statistical Attack, Error: 0, Time: 0.09029817581176758, NFound: 10, Coef: 10
