Round: 1, Attack Type: Statistical Attack, Error: 0, Time: 0.07488703727722168, NFound: 5, Coef: 8
Round: 2, Attack Type: Statistical Attack, Error: 0, Time: 0.07814669609069824, NFound: 10, Coef: 10
