Round: 1, Attack Type: Statistical Attack, Error: 0, Time: 0.07942771911621094, NFound: 10, Coef: 10
Round: 2, Attack Type: Statistical Attack, Error: 0, Time: 0.08743882179260254, NFound: 10, Coef: 10
