Round: 1, Attack Type: Statistical Attack, Error: 0, Time: 0.07932329177856445, NFound: 10, Coef: 10
Round: 2, Attack Type: Statistical Attack, Error: 0, Time: 0.08680987358093262, NFound: 9, Coef: 8
