Round: 1, Attack Type: Statistical Attack, Error: 0, Time: 0.08072018623352051, NFound: 5, Coef: 8
Round: 2, Attack Type: Statistical Attack, Error: 0, Time: 0.0907599925994873, NFound: 10, Coef: 10
