Round: 1, Attack Type: Statistical Attack, Error: 0, Time: 1.4426791667938232, NFound: 5, Coef: 8
Round: 2, Attack Type: Statistical Attack, Error: 0, Time: 0.08251070976257324, NFound: 10, Coef: 10
