Round: 1, Attack Type: Statistical Attack, Error: 0, Time: 0.0775151252746582, NFound: 10, Coef: 10
Round: 2, Attack Type: Statistical Attack, Error: 0, Time: 0.08205103874206543, NFound: 10, Coef: 10
