Round: 1, Attack Type: Statistical Attack, Error: 0, Time: 0.07260894775390625, NFound: 10, Coef: 10
Round: 2, Attack Type: Statistical Attack, Error: 0, Time: 0.08371496200561523, NFound: 10, Coef: 10
