Round: 1, Attack Type: Statistical Attack, Error: 0, Time: 0.08760714530944824, NFound: 10, Coef: 10
Round: 2, Attack Type: Statistical Attack, Error: 0, Time: 0.10003423690795898, NFound: 10, Coef: 10
