Round: 1, Attack Type: Statistical Attack, Error: 0, Time: 0.1133108139038086, NFound: 5, Coef: 8
Round: 2, Attack Type: Statistical Attack, Error: 0, Time: 0.12763190269470215, NFound: 10, Coef: 10
