Round: 1, Attack Type: Statistical Attack, Error: 0, Time: 0.06908106803894043, NFound: 10, Coef: 10
Round: 2, Attack Type: Statistical Attack, Error: 0, Time: 0.0797727108001709, NFound: 10, Coef: 10
