Round: 1, Attack Type: Statistical Attack, Error: 0, Time: 0.0790262222290039, NFound: 10, Coef: 10
Round: 2, Attack Type: Statistical Attack, Error: 0, Time: 0.08907389640808105, NFound: 10, Coef: 10
