Round: 1, Attack Type: Statistical Attack, Error: 0, Time: 0.08184409141540527, NFound: 5, Coef: 8
Round: 2, Attack Type: Statistical Attack, Error: 0, Time: 0.07651591300964355, NFound: 10, Coef: 10
