Round: 1, Attack Type: Statistical Attack, Error: 0, Time: 0.08199405670166016, NFound: 5, Coef: 8
Round: 2, Attack Type: Statistical Attack, Error: 0, Time: 0.07436871528625488, NFound: 10, Coef: 10
