Round: 1, Attack Type: Statistical Attack, Error: 0, Time: 0.08506488800048828, NFound: 10, Coef: 10
Round: 2, Attack Type: Statistical Attack, Error: 0, Time: 0.08379888534545898, NFound: 10, Coef: 10
