Round: 1, Attack Type: Statistical Attack, Error: 0, Time: 0.06717109680175781, NFound: 5, Coef: 8
Round: 2, Attack Type: Statistical Attack, Error: 0, Time: 0.07369184494018555, NFound: 10, Coef: 10
