Round: 1, Attack Type: Statistical Attack, Error: 0, Time: 0.07410097122192383, NFound: 10, Coef: 10
Round: 2, Attack Type: Statistical Attack, Error: 0, Time: 0.07824516296386719, NFound: 10, Coef: 10
