Round: 1, Attack Type: Statistical Attack, Error: 0, Time: 0.07257509231567383, NFound: 10, Coef: 10
Round: 2, Attack Type: Statistical Attack, Error: 0, Time: 0.09132122993469238, NFound: 10, Coef: 10
