Round: 1, Attack Type: Statistical Attack, Error: 0, Time: 0.09930586814880371, NFound: 5, Coef: 8
Round: 2, Attack Type: Statistical Attack, Error: 0, Time: 0.11204814910888672, NFound: 10, Coef: 10
