Round: 1, Attack Type: Statistical Attack, Error: 0, Time: 0.0745849609375, NFound: 5, Coef: 8
Round: 2, Attack Type: Statistical Attack, Error: 0, Time: 0.08384513854980469, NFound: 10, Coef: 10
