Round: 1, Attack Type: Statistical Attack, Error: 0, Time: 0.1034708023071289, NFound: 5, Coef: 8
Round: 2, Attack Type: Statistical Attack, Error: 0, Time: 0.10955071449279785, NFound: 10, Coef: 10
