Round: 1, Attack Type: Statistical Attack, Error: 0, Time: 0.0927581787109375, NFound: 5, Coef: 8
Round: 2, Attack Type: Statistical Attack, Error: 0, Time: 0.09894299507141113, NFound: 10, Coef: 10
