Round: 1, Attack Type: Statistical Attack, Error: 0, Time: 0.09384417533874512, NFound: 5, Coef: 8
Round: 2, Attack Type: Statistical Attack, Error: 0, Time: 0.09672093391418457, NFound: 10, Coef: 10
