Round: 1, Attack Type: Statistical Attack, Error: 0, Time: 0.0726158618927002, NFound: 5, Coef: 8
Round: 2, Attack Type: Statistical Attack, Error: 0, Time: 0.07668185234069824, NFound: 10, Coef: 10
