Round: 1, Attack Type: Statistical Attack, Error: 0, Time: 0.06546998023986816, NFound: 10, Coef: 10
Round: 2, Attack Type: Statistical Attack, Error: 0, Time: 0.0761420726776123, NFound: 10, Coef: 10
