Round: 1, Attack Type: Statistical Attack, Error: 0, Time: 0.07208609580993652, NFound: 9, Coef: 8
Round: 2, Attack Type: Statistical Attack, Error: 0, Time: 0.08286619186401367, NFound: 10, Coef: 10
