Round: 1, Attack Type: Statistical Attack, Error: 0, Time: 0.08227896690368652, NFound: 5, Coef: 8
Round: 2, Attack Type: Statistical Attack, Error: 0, Time: 0.08154010772705078, NFound: 10, Coef: 10
