Round: 1, Attack Type: Statistical Attack, Error: 0, Time: 0.08435797691345215, NFound: 10, Coef: 10
Round: 2, Attack Type: Statistical Attack, Error: 0, Time: 0.08324313163757324, NFound: 10, Coef: 10
