Round: 1, Attack Type: Statistical Attack, Error: 0, Time: 0.07976174354553223, NFound: 10, Coef: 10
Round: 2, Attack Type: Statistical Attack, Error: 0, Time: 0.0952448844909668, NFound: 10, Coef: 10
