Round: 1, Attack Type: Statistical Attack, Error: 0, Time: 0.08014798164367676, NFound: 5, Coef: 8
Round: 2, Attack Type: Statistical Attack, Error: 0, Time: 0.08105206489562988, NFound: 10, Coef: 10
