Round: 1, Attack Type: Statistical Attack, Error: 0, Time: 0.09148788452148438, NFound: 10, Coef: 10
Round: 2, Attack Type: Statistical Attack, Error: 0, Time: 0.10088825225830078, NFound: 10, Coef: 10
