Round: 1, Attack Type: Statistical Attack, Error: 0, Time: 0.08074116706848145, NFound: 10, Coef: 10
Round: 2, Attack Type: Statistical Attack, Error: 0, Time: 0.07872676849365234, NFound: 10, Coef: 10
