Round: 1, Attack Type: Statistical Attack, Error: 0, Time: 0.0762488842010498, NFound: 10, Coef: 10
Round: 2, Attack Type: Statistical Attack, Error: 0, Time: 0.09087014198303223, NFound: 10, Coef: 10
