Round: 1, Attack Type: Statistical Attack, Error: 0, Time: 0.06566882133483887, NFound: 5, Coef: 8
Round: 2, Attack Type: Statistical Attack, Error: 0, Time: 0.06941819190979004, NFound: 9, Coef: 8
