Round: 1, Attack Type: Statistical Attack, Error: 0, Time: 0.07487297058105469, NFound: 5, Coef: 8
Round: 2, Attack Type: Statistical Attack, Error: 0, Time: 0.08292984962463379, NFound: 10, Coef: 10
