Round: 1, Attack Type: Statistical Attack, Error: 0, Time: 0.11098623275756836, NFound: 5, Coef: 8
Round: 2, Attack Type: Statistical Attack, Error: 0, Time: 0.12022900581359863, NFound: 10, Coef: 10
