Round: 1, Attack Type: Statistical Attack, Error: 0, Time: 0.06121206283569336, NFound: 10, Coef: 10
Round: 2, Attack Type: Statistical Attack, Error: 0, Time: 0.06552982330322266, NFound: 10, Coef: 10
