Round: 1, Attack Type: Statistical Attack, Error: 0, Time: 0.10805678367614746, NFound: 5, Coef: 8
Round: 2, Attack Type: Statistical Attack, Error: 0, Time: 0.10894417762756348, NFound: 10, Coef: 10
