Round: 1, Attack Type: Statistical Attack, Error: 0, Time: 0.09945321083068848, NFound: 1, Coef: 3
Round: 2, Attack Type: Statistical Attack, Error: 0, Time: 0.10037684440612793, NFound: 1, Coef: 2
