Round: 1, Attack Type: Statistical Attack, Error: 0, Time: 0.07467222213745117, NFound: 10, Coef: 10
Round: 2, Attack Type: Statistical Attack, Error: 0, Time: 0.08165907859802246, NFound: 10, Coef: 10
