Round: 1, Attack Type: Statistical Attack, Error: 0, Time: 0.09044599533081055, NFound: 5, Coef: 8
Round: 2, Attack Type: Statistical Attack, Error: 0, Time: 0.0952141284942627, NFound: 10, Coef: 10
