Round: 1, Attack Type: Statistical Attack, Error: 0, Time: 0.09618902206420898, NFound: 10, Coef: 10
Round: 2, Attack Type: Statistical Attack, Error: 0, Time: 0.10355401039123535, NFound: 10, Coef: 10
