Round: 1, Attack Type: Statistical Attack, Error: 0, Time: 0.08671879768371582, NFound: 10, Coef: 10
Round: 2, Attack Type: Statistical Attack, Error: 0, Time: 0.08798694610595703, NFound: 10, Coef: 10
