Round: 1, Attack Type: Statistical Attack, Error: 0, Time: 0.07965636253356934, NFound: 5, Coef: 8
Round: 2, Attack Type: Statistical Attack, Error: 0, Time: 0.08985614776611328, NFound: 9, Coef: 8
