Round: 1, Attack Type: Statistical Attack, Error: 0, Time: 0.08087897300720215, NFound: 10, Coef: 10
Round: 2, Attack Type: Statistical Attack, Error: 0, Time: 0.08028197288513184, NFound: 10, Coef: 10
