Round: 1, Attack Type: Statistical Attack, Error: 0, Time: 0.08173084259033203, NFound: 10, Coef: 10
Round: 2, Attack Type: Statistical Attack, Error: 0, Time: 0.10514116287231445, NFound: 10, Coef: 10
