Round: 1, Attack Type: Statistical Attack, Error: 0, Time: 0.09085798263549805, NFound: 10, Coef: 10
Round: 2, Attack Type: Statistical Attack, Error: 0, Time: 0.1052558422088623, NFound: 9, Coef: 8
