Round: 1, Attack Type: Statistical Attack, Error: 0, Time: 0.07758307456970215, NFound: 5, Coef: 8
Round: 2, Attack Type: Statistical Attack, Error: 0, Time: 0.08471226692199707, NFound: 10, Coef: 10
