Round: 1, Attack Type: Statistical Attack, Error: 0, Time: 0.0791318416595459, NFound: 10, Coef: 10
Round: 2, Attack Type: Statistical Attack, Error: 0, Time: 0.08125066757202148, NFound: 10, Coef: 10
