Round: 1, Attack Type: Statistical Attack, Error: 0, Time: 0.08701872825622559, NFound: 5, Coef: 8
Round: 2, Attack Type: Statistical Attack, Error: 0, Time: 0.09700894355773926, NFound: 10, Coef: 10
