Round: 1, Attack Type: Statistical Attack, Error: 0, Time: 0.09716606140136719, NFound: 5, Coef: 8
Round: 2, Attack Type: Statistical Attack, Error: 0, Time: 0.10380434989929199, NFound: 10, Coef: 10
