Round: 1, Attack Type: Statistical Attack, Error: 0, Time: 0.0843350887298584, NFound: 10, Coef: 10
Round: 2, Attack Type: Statistical Attack, Error: 0, Time: 0.10355091094970703, NFound: 9, Coef: 8
