Round: 1, Attack Type: Statistical Attack, Error: 0, Time: 0.08308982849121094, NFound: 9, Coef: 9
Round: 2, Attack Type: Statistical Attack, Error: 0, Time: 0.09102487564086914, NFound: 10, Coef: 10
