Round: 1, Attack Type: Statistical Attack, Error: 0, Time: 0.07740521430969238, NFound: 10, Coef: 10
Round: 2, Attack Type: Statistical Attack, Error: 0, Time: 0.08232593536376953, NFound: 10, Coef: 10
