Round: 1, Attack Type: Statistical Attack, Error: 0, Time: 0.07127785682678223, NFound: 10, Coef: 10
Round: 2, Attack Type: Statistical Attack, Error: 0, Time: 0.0808718204498291, NFound: 10, Coef: 10
