Round: 1, Attack Type: Statistical Attack, Error: 0, Time: 0.22009015083312988, NFound: 5, Coef: 8
Round: 2, Attack Type: Statistical Attack, Error: 0, Time: 0.13426804542541504, NFound: 10, Coef: 10
