Round: 1, Attack Type: Statistical Attack, Error: 0, Time: 0.07281875610351562, NFound: 10, Coef: 10
Round: 2, Attack Type: Statistical Attack, Error: 0, Time: 0.08557701110839844, NFound: 10, Coef: 10
