Round: 1, Attack Type: Statistical Attack, Error: 0, Time: 0.07509922981262207, NFound: 10, Coef: 10
Round: 2, Attack Type: Statistical Attack, Error: 0, Time: 0.07842111587524414, NFound: 10, Coef: 10
