Round: 1, Attack Type: Statistical Attack, Error: 0, Time: 0.07179999351501465, NFound: 10, Coef: 10
Round: 2, Attack Type: Statistical Attack, Error: 0, Time: 0.07996702194213867, NFound: 10, Coef: 10
