Round: 1, Attack Type: Statistical Attack, Error: 0, Time: 0.07421374320983887, NFound: 5, Coef: 8
Round: 2, Attack Type: Statistical Attack, Error: 0, Time: 0.08186793327331543, NFound: 10, Coef: 10
