Round: 1, Attack Type: Statistical Attack, Error: 0, Time: 0.10188913345336914, NFound: 10, Coef: 10
Round: 2, Attack Type: Statistical Attack, Error: 0, Time: 0.11506104469299316, NFound: 10, Coef: 10
