Round: 1, Attack Type: Statistical Attack, Error: 0, Time: 0.10567498207092285, NFound: 10, Coef: 10
Round: 2, Attack Type: Statistical Attack, Error: 0, Time: 0.112274169921875, NFound: 10, Coef: 10
