Round: 1, Attack Type: Statistical Attack, Error: 0, Time: 0.07949590682983398, NFound: 5, Coef: 8
Round: 2, Attack Type: Statistical Attack, Error: 0, Time: 0.08026289939880371, NFound: 10, Coef: 10
