Round: 1, Attack Type: Statistical Attack, Error: 0, Time: 0.08083391189575195, NFound: 10, Coef: 10
Round: 2, Attack Type: Statistical Attack, Error: 0, Time: 0.07889103889465332, NFound: 10, Coef: 10
