Round: 1, Attack Type: Statistical Attack, Error: 0, Time: 0.12401318550109863, NFound: 5, Coef: 8
Round: 2, Attack Type: Statistical Attack, Error: 0, Time: 0.1224062442779541, NFound: 10, Coef: 10
