Round: 1, Attack Type: Statistical Attack, Error: 0, Time: 0.1000528335571289, NFound: 10, Coef: 10
Round: 2, Attack Type: Statistical Attack, Error: 0, Time: 0.10701584815979004, NFound: 10, Coef: 10
