Round: 1, Attack Type: Statistical Attack, Error: 0, Time: 0.0647270679473877, NFound: 10, Coef: 10
Round: 2, Attack Type: Statistical Attack, Error: 0, Time: 0.06851720809936523, NFound: 10, Coef: 10
