Round: 1, Attack Type: Statistical Attack, Error: 0, Time: 0.08884191513061523, NFound: 10, Coef: 10
Round: 2, Attack Type: Statistical Attack, Error: 0, Time: 0.10527706146240234, NFound: 10, Coef: 10
