Round: 1, Attack Type: Statistical Attack, Error: 0, Time: 0.09197306632995605, NFound: 5, Coef: 8
Round: 2, Attack Type: Statistical Attack, Error: 0, Time: 0.09170293807983398, NFound: 10, Coef: 10
