Round: 1, Attack Type: Statistical Attack, Error: 0, Time: 0.07811570167541504, NFound: 5, Coef: 8
Round: 2, Attack Type: Statistical Attack, Error: 0, Time: 0.09553813934326172, NFound: 9, Coef: 8
