Round: 1, Attack Type: Statistical Attack, Error: 0, Time: 0.09460687637329102, NFound: 5, Coef: 8
Round: 2, Attack Type: Statistical Attack, Error: 0, Time: 0.09446096420288086, NFound: 10, Coef: 10
