Round: 1, Attack Type: Statistical Attack, Error: 0, Time: 0.07138681411743164, NFound: 5, Coef: 8
Round: 2, Attack Type: Statistical Attack, Error: 0, Time: 0.07722902297973633, NFound: 10, Coef: 10
