Round: 1, Attack Type: Statistical Attack, Error: 0, Time: 0.08278179168701172, NFound: 5, Coef: 8
Round: 2, Attack Type: Statistical Attack, Error: 0, Time: 0.08920717239379883, NFound: 10, Coef: 10
