Round: 1, Attack Type: Statistical Attack, Error: 0, Time: 0.06883406639099121, NFound: 5, Coef: 8
Round: 2, Attack Type: Statistical Attack, Error: 0, Time: 0.0895991325378418, NFound: 10, Coef: 10
