Round: 1, Attack Type: Statistical Attack, Error: 0, Time: 0.07560992240905762, NFound: 10, Coef: 10
Round: 2, Attack Type: Statistical Attack, Error: 0, Time: 0.07582306861877441, NFound: 10, Coef: 10
