Round: 1, Attack Type: Statistical Attack, Error: 0, Time: 0.06570911407470703, NFound: 10, Coef: 10
Round: 2, Attack Type: Statistical Attack, Error: 0, Time: 0.0811610221862793, NFound: 10, Coef: 10
