Round: 1, Attack Type: Statistical Attack, Error: 0, Time: 0.07912206649780273, NFound: 5, Coef: 8
Round: 2, Attack Type: Statistical Attack, Error: 0, Time: 0.08278679847717285, NFound: 10, Coef: 10
