Round: 1, Attack Type: Statistical Attack, Error: 0, Time: 0.09733200073242188, NFound: 5, Coef: 8
Round: 2, Attack Type: Statistical Attack, Error: 0, Time: 0.08934521675109863, NFound: 10, Coef: 10
