Round: 1, Attack Type: Statistical Attack, Error: 0, Time: 0.07028603553771973, NFound: 10, Coef: 10
Round: 2, Attack Type: Statistical Attack, Error: 0, Time: 0.0826561450958252, NFound: 10, Coef: 10
