Round: 1, Attack Type: Statistical Attack, Error: 0, Time: 0.11681103706359863, NFound: 5, Coef: 8
Round: 2, Attack Type: Statistical Attack, Error: 0, Time: 0.12502217292785645, NFound: 10, Coef: 10
