Round: 1, Attack Type: Statistical Attack, Error: 0, Time: 0.06595897674560547, NFound: 5, Coef: 8
Round: 2, Attack Type: Statistical Attack, Error: 0, Time: 0.07168292999267578, NFound: 10, Coef: 10
