Round: 1, Attack Type: Statistical Attack, Error: 0, Time: 0.06984806060791016, NFound: 5, Coef: 8
Round: 2, Attack Type: Statistical Attack, Error: 0, Time: 0.08221197128295898, NFound: 10, Coef: 10
