Round: 1, Attack Type: Statistical Attack, Error: 0, Time: 0.07570672035217285, NFound: 5, Coef: 8
Round: 2, Attack Type: Statistical Attack, Error: 0, Time: 0.10026001930236816, NFound: 10, Coef: 10
