Round: 1, Attack Type: Statistical Attack, Error: 0, Time: 0.09412097930908203, NFound: 10, Coef: 10
Round: 2, Attack Type: Statistical Attack, Error: 0, Time: 0.10945796966552734, NFound: 10, Coef: 10
