Round: 1, Attack Type: Statistical Attack, Error: 0, Time: 0.0760500431060791, NFound: 5, Coef: 8
Round: 2, Attack Type: Statistical Attack, Error: 0, Time: 0.09468603134155273, NFound: 10, Coef: 10
