Round: 1, Attack Type: Statistical Attack, Error: 0, Time: 0.18219590187072754, NFound: 5, Coef: 8
Round: 2, Attack Type: Statistical Attack, Error: 0, Time: 0.2370290756225586, NFound: 10, Coef: 10
