Round: 1, Attack Type: Statistical Attack, Error: 0, Time: 0.0639958381652832, NFound: 5, Coef: 8
Round: 2, Attack Type: Statistical Attack, Error: 0, Time: 0.06924271583557129, NFound: 10, Coef: 10
