Round: 1, Attack Type: Statistical Attack, Error: 0, Time: 0.09136486053466797, NFound: 5, Coef: 8
Round: 2, Attack Type: Statistical Attack, Error: 0, Time: 0.09804987907409668, NFound: 10, Coef: 10
