Round: 1, Attack Type: Statistical Attack, Error: 0, Time: 0.08798384666442871, NFound: 10, Coef: 10
Round: 2, Attack Type: Statistical Attack, Error: 0, Time: 0.09865331649780273, NFound: 10, Coef: 10
