Round: 1, Attack Type: Statistical Attack, Error: 0, Time: 0.07763218879699707, NFound: 10, Coef: 10
Round: 2, Attack Type: Statistical Attack, Error: 0, Time: 0.09009218215942383, NFound: 10, Coef: 10
