Round: 1, Attack Type: Statistical Attack, Error: 0, Time: 0.11927986145019531, NFound: 5, Coef: 8
Round: 2, Attack Type: Statistical Attack, Error: 0, Time: 0.13380980491638184, NFound: 10, Coef: 10
