Round: 1, Attack Type: Statistical Attack, Error: 0, Time: 0.07104992866516113, NFound: 10, Coef: 10
Round: 2, Attack Type: Statistical Attack, Error: 0, Time: 0.0806117057800293, NFound: 10, Coef: 10
