Round: 1, Attack Type: Statistical Attack, Error: 0, Time: 0.07302713394165039, NFound: 10, Coef: 10
Round: 2, Attack Type: Statistical Attack, Error: 0, Time: 0.09000778198242188, NFound: 10, Coef: 10
