Round: 1, Attack Type: Statistical Attack, Error: 0, Time: 0.10776615142822266, NFound: 10, Coef: 10
Round: 2, Attack Type: Statistical Attack, Error: 0, Time: 0.11511898040771484, NFound: 9, Coef: 8
