Round: 1, Attack Type: Statistical Attack, Error: 0, Time: 0.10208511352539062, NFound: 10, Coef: 10
Round: 2, Attack Type: Statistical Attack, Error: 0, Time: 0.10230779647827148, NFound: 10, Coef: 10
