Round: 1, Attack Type: Statistical Attack, Error: 0, Time: 0.10008382797241211, NFound: 9, Coef: 8
Round: 2, Attack Type: Statistical Attack, Error: 0, Time: 0.11358118057250977, NFound: 10, Coef: 10
