Round: 1, Attack Type: Statistical Attack, Error: 0, Time: 0.07607221603393555, NFound: 5, Coef: 8
Round: 2, Attack Type: Statistical Attack, Error: 0, Time: 0.08218097686767578, NFound: 10, Coef: 10
