Round: 1, Attack Type: Statistical Attack, Error: 0, Time: 0.0590968132019043, NFound: 5, Coef: 8
Round: 2, Attack Type: Statistical Attack, Error: 0, Time: 0.06943678855895996, NFound: 10, Coef: 10
