Round: 1, Attack Type: Statistical Attack, Error: 0, Time: 0.08657002449035645, NFound: 10, Coef: 10
Round: 2, Attack Type: Statistical Attack, Error: 0, Time: 0.09571099281311035, NFound: 10, Coef: 10
