Round: 1, Attack Type: Statistical Attack, Error: 0, Time: 0.08183407783508301, NFound: 10, Coef: 10
Round: 2, Attack Type: Statistical Attack, Error: 0, Time: 0.07892823219299316, NFound: 10, Coef: 10
