Round: 1, Attack Type: Statistical Attack, Error: 0, Time: 0.09275698661804199, NFound: 5, Coef: 8
Round: 2, Attack Type: Statistical Attack, Error: 0, Time: 0.10499978065490723, NFound: 10, Coef: 10
