Round: 1, Attack Type: Statistical Attack, Error: 0, Time: 0.06833100318908691, NFound: 5, Coef: 8
Round: 2, Attack Type: Statistical Attack, Error: 0, Time: 0.07260918617248535, NFound: 10, Coef: 10
