Round: 1, Attack Type: Statistical Attack, Error: 0, Time: 0.08864116668701172, NFound: 5, Coef: 8
Round: 2, Attack Type: Statistical Attack, Error: 0, Time: 0.09943699836730957, NFound: 10, Coef: 10
