Round: 1, Attack Type: Statistical Attack, Error: 0, Time: 0.09328889846801758, NFound: 10, Coef: 10
Round: 2, Attack Type: Statistical Attack, Error: 0, Time: 0.09109997749328613, NFound: 10, Coef: 10
