Round: 1, Attack Type: Statistical Attack, Error: 0, Time: 0.07223701477050781, NFound: 5, Coef: 8
Round: 2, Attack Type: Statistical Attack, Error: 0, Time: 0.08575892448425293, NFound: 10, Coef: 10
