Round: 1, Attack Type: Statistical Attack, Error: 0, Time: 0.08466482162475586, NFound: 5, Coef: 8
Round: 2, Attack Type: Statistical Attack, Error: 0, Time: 0.09251093864440918, NFound: 9, Coef: 8
