Round: 1, Attack Type: Statistical Attack, Error: 0, Time: 0.06976580619812012, NFound: 5, Coef: 8
Round: 2, Attack Type: Statistical Attack, Error: 0, Time: 0.07586312294006348, NFound: 10, Coef: 10
