Round: 1, Attack Type: Statistical Attack, Error: 0, Time: 0.07022404670715332, NFound: 10, Coef: 10
Round: 2, Attack Type: Statistical Attack, Error: 0, Time: 0.08375692367553711, NFound: 10, Coef: 10
