Round: 1, Attack Type: Statistical Attack, Error: 0, Time: 0.09652400016784668, NFound: 5, Coef: 8
Round: 2, Attack Type: Statistical Attack, Error: 0, Time: 0.10386276245117188, NFound: 10, Coef: 10
