Round: 1, Attack Type: Statistical Attack, Error: 0, Time: 0.07575106620788574, NFound: 5, Coef: 8
Round: 2, Attack Type: Statistical Attack, Error: 0, Time: 0.08644413948059082, NFound: 10, Coef: 10
