Round: 1, Attack Type: Statistical Attack, Error: 0, Time: 0.07504582405090332, NFound: 5, Coef: 8
Round: 2, Attack Type: Statistical Attack, Error: 0, Time: 0.08653497695922852, NFound: 10, Coef: 10
