Round: 1, Attack Type: Statistical Attack, Error: 0, Time: 0.08051872253417969, NFound: 5, Coef: 8
Round: 2, Attack Type: Statistical Attack, Error: 0, Time: 0.09774994850158691, NFound: 10, Coef: 10
