Round: 1, Attack Type: Statistical Attack, Error: 0, Time: 0.1628119945526123, NFound: 5, Coef: 8
Round: 2, Attack Type: Statistical Attack, Error: 0, Time: 0.1331768035888672, NFound: 10, Coef: 10
