Round: 1, Attack Type: Statistical Attack, Error: 0, Time: 0.10327982902526855, NFound: 9, Coef: 8
Round: 2, Attack Type: Statistical Attack, Error: 0, Time: 0.10948729515075684, NFound: 10, Coef: 10
