Round: 1, Attack Type: Statistical Attack, Error: 0, Time: 0.07382082939147949, NFound: 10, Coef: 10
Round: 2, Attack Type: Statistical Attack, Error: 0, Time: 0.09041190147399902, NFound: 10, Coef: 10
