Round: 1, Attack Type: Statistical Attack, Error: 0, Time: 0.07477784156799316, NFound: 10, Coef: 10
Round: 2, Attack Type: Statistical Attack, Error: 0, Time: 0.08339810371398926, NFound: 10, Coef: 10
