Round: 1, Attack Type: Statistical Attack, Error: 0, Time: 0.05552816390991211, NFound: 5, Coef: 8
Round: 2, Attack Type: Statistical Attack, Error: 0, Time: 0.06532597541809082, NFound: 10, Coef: 10
