Round: 1, Attack Type: Statistical Attack, Error: 0, Time: 0.06897568702697754, NFound: 10, Coef: 10
Round: 2, Attack Type: Statistical Attack, Error: 0, Time: 0.08163094520568848, NFound: 10, Coef: 10
