Round: 1, Attack Type: Statistical Attack, Error: 0, Time: 0.07320594787597656, NFound: 5, Coef: 8
Round: 2, Attack Type: Statistical Attack, Error: 0, Time: 0.08092474937438965, NFound: 10, Coef: 10
