Round: 1, Attack Type: Statistical Attack, Error: 0, Time: 0.08369994163513184, NFound: 10, Coef: 10
Round: 2, Attack Type: Statistical Attack, Error: 0, Time: 0.08882594108581543, NFound: 10, Coef: 10
