Round: 1, Attack Type: Statistical Attack, Error: 0, Time: 0.07742786407470703, NFound: 5, Coef: 8
Round: 2, Attack Type: Statistical Attack, Error: 0, Time: 0.08952879905700684, NFound: 10, Coef: 10
