Round: 1, Attack Type: Statistical Attack, Error: 0, Time: 0.0731649398803711, NFound: 10, Coef: 10
Round: 2, Attack Type: Statistical Attack, Error: 0, Time: 0.08293414115905762, NFound: 10, Coef: 10
