Round: 1, Attack Type: Statistical Attack, Error: 0, Time: 0.09043097496032715, NFound: 5, Coef: 8
Round: 2, Attack Type: Statistical Attack, Error: 0, Time: 0.10855412483215332, NFound: 10, Coef: 10
