Round: 1, Attack Type: Statistical Attack, Error: 0, Time: 0.09841609001159668, NFound: 5, Coef: 8
Round: 2, Attack Type: Statistical Attack, Error: 0, Time: 0.10274219512939453, NFound: 10, Coef: 10
