Round: 1, Attack Type: Statistical Attack, Error: 0, Time: 0.08066511154174805, NFound: 5, Coef: 8
Round: 2, Attack Type: Statistical Attack, Error: 0, Time: 0.07851290702819824, NFound: 10, Coef: 10
