Round: 1, Attack Type: Statistical Attack, Error: 0, Time: 0.07313299179077148, NFound: 5, Coef: 8
Round: 2, Attack Type: Statistical Attack, Error: 0, Time: 0.08054804801940918, NFound: 10, Coef: 10
