Round: 1, Attack Type: Statistical Attack, Error: 0, Time: 0.07878613471984863, NFound: 5, Coef: 8
Round: 2, Attack Type: Statistical Attack, Error: 0, Time: 0.07953381538391113, NFound: 10, Coef: 10
