Round: 1, Attack Type: Statistical Attack, Error: 0, Time: 0.08824896812438965, NFound: 10, Coef: 10
Round: 2, Attack Type: Statistical Attack, Error: 0, Time: 0.0917057991027832, NFound: 10, Coef: 10
