Round: 1, Attack Type: Statistical Attack, Error: 0, Time: 0.10714221000671387, NFound: 10, Coef: 10
Round: 2, Attack Type: Statistical Attack, Error: 0, Time: 0.1128690242767334, NFound: 10, Coef: 10
