Round: 1, Attack Type: Statistical Attack, Error: 0, Time: 0.12283802032470703, NFound: 5, Coef: 8
Round: 2, Attack Type: Statistical Attack, Error: 0, Time: 0.21305394172668457, NFound: 10, Coef: 10
