Round: 1, Attack Type: Statistical Attack, Error: 0, Time: 0.07027411460876465, NFound: 10, Coef: 10
Round: 2, Attack Type: Statistical Attack, Error: 0, Time: 0.08705615997314453, NFound: 10, Coef: 10
