Round: 1, Attack Type: Statistical Attack, Error: 0, Time: 0.07139706611633301, NFound: 10, Coef: 10
Round: 2, Attack Type: Statistical Attack, Error: 0, Time: 0.07638192176818848, NFound: 10, Coef: 10
