Round: 1, Attack Type: Statistical Attack, Error: 0, Time: 0.06982803344726562, NFound: 10, Coef: 10
Round: 2, Attack Type: Statistical Attack, Error: 0, Time: 0.07865428924560547, NFound: 10, Coef: 10
