Round: 1, Attack Type: Statistical Attack, Error: 0, Time: 0.07676577568054199, NFound: 5, Coef: 8
Round: 2, Attack Type: Statistical Attack, Error: 0, Time: 0.08649682998657227, NFound: 10, Coef: 10
