Round: 1, Attack Type: Statistical Attack, Error: 0, Time: 0.07090401649475098, NFound: 10, Coef: 10
Round: 2, Attack Type: Statistical Attack, Error: 0, Time: 0.07844209671020508, NFound: 10, Coef: 10
