Round: 1, Attack Type: Statistical Attack, Error: 0, Time: 0.08760404586791992, NFound: 10, Coef: 10
Round: 2, Attack Type: Statistical Attack, Error: 0, Time: 0.11090898513793945, NFound: 9, Coef: 8
