Round: 1, Attack Type: Statistical Attack, Error: 0, Time: 0.0745401382446289, NFound: 10, Coef: 10
Round: 2, Attack Type: Statistical Attack, Error: 0, Time: 0.08347797393798828, NFound: 9, Coef: 8
