Round: 1, Attack Type: Statistical Attack, Error: 0, Time: 0.07204723358154297, NFound: 10, Coef: 10
Round: 2, Attack Type: Statistical Attack, Error: 0, Time: 0.0762479305267334, NFound: 10, Coef: 10
