Round: 1, Attack Type: Statistical Attack, Error: 0, Time: 0.07804393768310547, NFound: 10, Coef: 10
Round: 2, Attack Type: Statistical Attack, Error: 0, Time: 0.08853816986083984, NFound: 10, Coef: 10
