Round: 1, Attack Type: Statistical Attack, Error: 0, Time: 0.07770705223083496, NFound: 9, Coef: 8
Round: 2, Attack Type: Statistical Attack, Error: 0, Time: 0.0759732723236084, NFound: 10, Coef: 10
