Round: 1, Attack Type: Statistical Attack, Error: 0, Time: 0.11844396591186523, NFound: 5, Coef: 8
Round: 2, Attack Type: Statistical Attack, Error: 0, Time: 0.10996890068054199, NFound: 10, Coef: 10
