Round: 1, Attack Type: Statistical Attack, Error: 0, Time: 0.07636880874633789, NFound: 5, Coef: 8
Round: 2, Attack Type: Statistical Attack, Error: 0, Time: 0.0872800350189209, NFound: 10, Coef: 10
