Round: 1, Attack Type: Statistical Attack, Error: 0, Time: 0.06956291198730469, NFound: 5, Coef: 8
Round: 2, Attack Type: Statistical Attack, Error: 0, Time: 0.08312392234802246, NFound: 10, Coef: 10
