Round: 1, Attack Type: Statistical Attack, Error: 0, Time: 0.09566712379455566, NFound: 10, Coef: 10
Round: 2, Attack Type: Statistical Attack, Error: 0, Time: 0.10797381401062012, NFound: 10, Coef: 10
