Round: 1, Attack Type: Statistical Attack, Error: 0, Time: 0.08117985725402832, NFound: 5, Coef: 8
Round: 2, Attack Type: Statistical Attack, Error: 0, Time: 0.08945393562316895, NFound: 10, Coef: 10
