Round: 1, Attack Type: Statistical Attack, Error: 0, Time: 0.06345915794372559, NFound: 5, Coef: 8
Round: 2, Attack Type: Statistical Attack, Error: 0, Time: 0.06629204750061035, NFound: 10, Coef: 10
