Round: 1, Attack Type: Statistical Attack, Error: 0, Time: 0.07457685470581055, NFound: 5, Coef: 8
Round: 2, Attack Type: Statistical Attack, Error: 0, Time: 0.07338690757751465, NFound: 10, Coef: 10
