Round: 1, Attack Type: Statistical Attack, Error: 0, Time: 0.07567596435546875, NFound: 10, Coef: 10
Round: 2, Attack Type: Statistical Attack, Error: 0, Time: 0.0829319953918457, NFound: 10, Coef: 10
