Round: 1, Attack Type: Statistical Attack, Error: 0, Time: 0.08665227890014648, NFound: 10, Coef: 10
Round: 2, Attack Type: Statistical Attack, Error: 0, Time: 0.09364008903503418, NFound: 10, Coef: 10
