Round: 1, Attack Type: Statistical Attack, Error: 0, Time: 0.057663917541503906, NFound: 5, Coef: 8
Round: 2, Attack Type: Statistical Attack, Error: 0, Time: 0.061866044998168945, NFound: 10, Coef: 10
