Round: 1, Attack Type: Statistical Attack, Error: 0, Time: 0.08388400077819824, NFound: 10, Coef: 10
Round: 2, Attack Type: Statistical Attack, Error: 0, Time: 0.0887460708618164, NFound: 10, Coef: 10
