Round: 1, Attack Type: Statistical Attack, Error: 0, Time: 0.0743570327758789, NFound: 5, Coef: 8
Round: 2, Attack Type: Statistical Attack, Error: 0, Time: 0.07627701759338379, NFound: 10, Coef: 10
