Round: 1, Attack Type: Statistical Attack, Error: 0, Time: 0.09671521186828613, NFound: 9, Coef: 8
Round: 2, Attack Type: Statistical Attack, Error: 0, Time: 0.11535406112670898, NFound: 10, Coef: 10
