Round: 1, Attack Type: Statistical Attack, Error: 0, Time: 0.08729767799377441, NFound: 10, Coef: 10
Round: 2, Attack Type: Statistical Attack, Error: 0, Time: 0.0982518196105957, NFound: 10, Coef: 10
