Round: 1, Attack Type: Statistical Attack, Error: 0, Time: 0.07694792747497559, NFound: 10, Coef: 10
Round: 2, Attack Type: Statistical Attack, Error: 0, Time: 0.09805488586425781, NFound: 10, Coef: 10
