Round: 1, Attack Type: Statistical Attack, Error: 0, Time: 0.0769798755645752, NFound: 10, Coef: 10
Round: 2, Attack Type: Statistical Attack, Error: 0, Time: 0.07681512832641602, NFound: 10, Coef: 10
