Round: 1, Attack Type: Statistical Attack, Error: 0, Time: 0.07798504829406738, NFound: 9, Coef: 8
Round: 2, Attack Type: Statistical Attack, Error: 0, Time: 0.08378481864929199, NFound: 10, Coef: 10
