Round: 1, Attack Type: Statistical Attack, Error: 0, Time: 0.08527278900146484, NFound: 5, Coef: 8
Round: 2, Attack Type: Statistical Attack, Error: 0, Time: 0.08788084983825684, NFound: 10, Coef: 10
