Round: 1, Attack Type: Statistical Attack, Error: 0, Time: 0.0583348274230957, NFound: 10, Coef: 10
Round: 2, Attack Type: Statistical Attack, Error: 0, Time: 0.06393814086914062, NFound: 10, Coef: 10
