Round: 1, Attack Type: Statistical Attack, Error: 0, Time: 0.08819198608398438, NFound: 10, Coef: 10
Round: 2, Attack Type: Statistical Attack, Error: 0, Time: 0.09807014465332031, NFound: 10, Coef: 10
