Round: 1, Attack Type: Statistical Attack, Error: 0, Time: 0.07835078239440918, NFound: 5, Coef: 8
Round: 2, Attack Type: Statistical Attack, Error: 0, Time: 0.07796597480773926, NFound: 10, Coef: 10
