Round: 1, Attack Type: Statistical Attack, Error: 0, Time: 0.06641817092895508, NFound: 10, Coef: 10
Round: 2, Attack Type: Statistical Attack, Error: 0, Time: 0.07761907577514648, NFound: 10, Coef: 10
