Round: 1, Attack Type: Statistical Attack, Error: 0, Time: 0.11435699462890625, NFound: 5, Coef: 8
Round: 2, Attack Type: Statistical Attack, Error: 0, Time: 0.09966588020324707, NFound: 10, Coef: 10
