Round: 1, Attack Type: Statistical Attack, Error: 0, Time: 0.08099889755249023, NFound: 10, Coef: 10
Round: 2, Attack Type: Statistical Attack, Error: 0, Time: 0.08111906051635742, NFound: 10, Coef: 10
