Round: 1, Attack Type: Statistical Attack, Error: 0, Time: 0.08213400840759277, NFound: 10, Coef: 10
Round: 2, Attack Type: Statistical Attack, Error: 0, Time: 0.0918571949005127, NFound: 10, Coef: 10
