Round: 1, Attack Type: Statistical Attack, Error: 0, Time: 0.07451891899108887, NFound: 10, Coef: 10
Round: 2, Attack Type: Statistical Attack, Error: 0, Time: 0.08240103721618652, NFound: 10, Coef: 10
