Round: 1, Attack Type: Statistical Attack, Error: 0, Time: 0.07561302185058594, NFound: 5, Coef: 8
Round: 2, Attack Type: Statistical Attack, Error: 0, Time: 0.08022189140319824, NFound: 10, Coef: 10
