Round: 1, Attack Type: Statistical Attack, Error: 0, Time: 0.08281087875366211, NFound: 10, Coef: 10
Round: 2, Attack Type: Statistical Attack, Error: 0, Time: 0.09153580665588379, NFound: 10, Coef: 10
