Round: 1, Attack Type: Statistical Attack, Error: 0, Time: 0.0705111026763916, NFound: 5, Coef: 8
Round: 2, Attack Type: Statistical Attack, Error: 0, Time: 0.08137273788452148, NFound: 10, Coef: 10
