Round: 1, Attack Type: Statistical Attack, Error: 0, Time: 0.16707587242126465, NFound: 5, Coef: 8
Round: 2, Attack Type: Statistical Attack, Error: 0, Time: 0.1547558307647705, NFound: 10, Coef: 10
