Round: 1, Attack Type: Statistical Attack, Error: 0, Time: 0.07589888572692871, NFound: 10, Coef: 10
Round: 2, Attack Type: Statistical Attack, Error: 0, Time: 0.0788259506225586, NFound: 10, Coef: 10
