Round: 1, Attack Type: Statistical Attack, Error: 0, Time: 0.10280132293701172, NFound: 5, Coef: 8
Round: 2, Attack Type: Statistical Attack, Error: 0, Time: 0.09226584434509277, NFound: 10, Coef: 10
