Round: 1, Attack Type: Statistical Attack, Error: 0, Time: 0.07910799980163574, NFound: 10, Coef: 10
Round: 2, Attack Type: Statistical Attack, Error: 0, Time: 0.07812714576721191, NFound: 10, Coef: 10
