Round: 1, Attack Type: Statistical Attack, Error: 0, Time: 0.06519412994384766, NFound: 10, Coef: 10
Round: 2, Attack Type: Statistical Attack, Error: 0, Time: 0.08280086517333984, NFound: 10, Coef: 10
