Round: 1, Attack Type: Statistical Attack, Error: 0, Time: 0.060365915298461914, NFound: 10, Coef: 10
Round: 2, Attack Type: Statistical Attack, Error: 0, Time: 0.07281208038330078, NFound: 9, Coef: 8
