Round: 1, Attack Type: Statistical Attack, Error: 0, Time: 0.07893013954162598, NFound: 10, Coef: 10
Round: 2, Attack Type: Statistical Attack, Error: 0, Time: 0.0950479507446289, NFound: 10, Coef: 10
