Round: 1, Attack Type: Statistical Attack, Error: 0, Time: 0.06964993476867676, NFound: 5, Coef: 8
Round: 2, Attack Type: Statistical Attack, Error: 0, Time: 0.07409214973449707, NFound: 10, Coef: 10
