Round: 1, Attack Type: Statistical Attack, Error: 0, Time: 0.07475805282592773, NFound: 10, Coef: 10
Round: 2, Attack Type: Statistical Attack, Error: 0, Time: 0.08516407012939453, NFound: 10, Coef: 10
