Round: 1, Attack Type: Statistical Attack, Error: 0, Time: 0.07613825798034668, NFound: 5, Coef: 8
Round: 2, Attack Type: Statistical Attack, Error: 0, Time: 0.08571505546569824, NFound: 9, Coef: 8
