Round: 1, Attack Type: Statistical Attack, Error: 0, Time: 0.08857131004333496, NFound: 10, Coef: 10
Round: 2, Attack Type: Statistical Attack, Error: 0, Time: 0.08955502510070801, NFound: 10, Coef: 10
