Round: 1, Attack Type: Statistical Attack, Error: 0, Time: 0.0887601375579834, NFound: 5, Coef: 8
Round: 2, Attack Type: Statistical Attack, Error: 0, Time: 0.08419084548950195, NFound: 10, Coef: 10
