Round: 1, Attack Type: Statistical Attack, Error: 0, Time: 0.08922386169433594, NFound: 5, Coef: 8
Round: 2, Attack Type: Statistical Attack, Error: 0, Time: 0.1061701774597168, NFound: 10, Coef: 10
