Round: 1, Attack Type: Statistical Attack, Error: 0, Time: 0.07853174209594727, NFound: 10, Coef: 10
Round: 2, Attack Type: Statistical Attack, Error: 0, Time: 0.08441591262817383, NFound: 9, Coef: 8
