Round: 1, Attack Type: Statistical Attack, Error: 0, Time: 0.0920257568359375, NFound: 10, Coef: 10
Round: 2, Attack Type: Statistical Attack, Error: 0, Time: 0.11282801628112793, NFound: 10, Coef: 10
