Round: 1, Attack Type: Statistical Attack, Error: 0, Time: 0.0857541561126709, NFound: 5, Coef: 8
Round: 2, Attack Type: Statistical Attack, Error: 0, Time: 0.10959291458129883, NFound: 10, Coef: 10
