Round: 1, Attack Type: Statistical Attack, Error: 0, Time: 0.09909820556640625, NFound: 10, Coef: 10
Round: 2, Attack Type: Statistical Attack, Error: 0, Time: 0.10549712181091309, NFound: 10, Coef: 10
