Round: 1, Attack Type: Statistical Attack, Error: 0, Time: 0.07318496704101562, NFound: 10, Coef: 10
Round: 2, Attack Type: Statistical Attack, Error: 0, Time: 0.08204007148742676, NFound: 10, Coef: 10
