Round: 1, Attack Type: Statistical Attack, Error: 0, Time: 0.07969188690185547, NFound: 10, Coef: 10
Round: 2, Attack Type: Statistical Attack, Error: 0, Time: 0.0909569263458252, NFound: 10, Coef: 10
