Round: 1, Attack Type: Statistical Attack, Error: 0, Time: 0.07173681259155273, NFound: 10, Coef: 10
Round: 2, Attack Type: Statistical Attack, Error: 0, Time: 0.08191800117492676, NFound: 10, Coef: 10
