Round: 1, Attack Type: Statistical Attack, Error: 0, Time: 0.12379860877990723, NFound: 5, Coef: 8
Round: 2, Attack Type: Statistical Attack, Error: 0, Time: 0.12090802192687988, NFound: 10, Coef: 10
