Round: 1, Attack Type: Statistical Attack, Error: 0, Time: 0.08156704902648926, NFound: 9, Coef: 8
Round: 2, Attack Type: Statistical Attack, Error: 0, Time: 0.08422565460205078, NFound: 10, Coef: 10
