Round: 1, Attack Type: Statistical Attack, Error: 0, Time: 0.07176995277404785, NFound: 10, Coef: 10
Round: 2, Attack Type: Statistical Attack, Error: 0, Time: 0.07236695289611816, NFound: 10, Coef: 10
