Round: 1, Attack Type: Statistical Attack, Error: 0, Time: 0.07665896415710449, NFound: 10, Coef: 10
Round: 2, Attack Type: Statistical Attack, Error: 0, Time: 0.07925868034362793, NFound: 10, Coef: 10
