Round: 1, Attack Type: Statistical Attack, Error: 0, Time: 0.0780038833618164, NFound: 5, Coef: 8
Round: 2, Attack Type: Statistical Attack, Error: 0, Time: 0.08063411712646484, NFound: 10, Coef: 10
