Round: 1, Attack Type: Statistical Attack, Error: 0, Time: 0.07739400863647461, NFound: 10, Coef: 10
Round: 2, Attack Type: Statistical Attack, Error: 0, Time: 0.08157801628112793, NFound: 10, Coef: 10
