Round: 1, Attack Type: Statistical Attack, Error: 0, Time: 0.0829918384552002, NFound: 9, Coef: 8
Round: 2, Attack Type: Statistical Attack, Error: 0, Time: 0.07788681983947754, NFound: 10, Coef: 10
