Round: 1, Attack Type: Statistical Attack, Error: 0, Time: 0.10372400283813477, NFound: 10, Coef: 10
Round: 2, Attack Type: Statistical Attack, Error: 0, Time: 0.10599398612976074, NFound: 10, Coef: 10
