Round: 1, Attack Type: Statistical Attack, Error: 0, Time: 0.07094717025756836, NFound: 5, Coef: 8
Round: 2, Attack Type: Statistical Attack, Error: 0, Time: 0.08283591270446777, NFound: 10, Coef: 10
