Round: 1, Attack Type: Statistical Attack, Error: 0, Time: 0.09450793266296387, NFound: 9, Coef: 8
Round: 2, Attack Type: Statistical Attack, Error: 0, Time: 0.0971369743347168, NFound: 10, Coef: 10
