Round: 1, Attack Type: Statistical Attack, Error: 0, Time: 0.07956504821777344, NFound: 5, Coef: 8
Round: 2, Attack Type: Statistical Attack, Error: 0, Time: 0.07993507385253906, NFound: 10, Coef: 10
