Round: 1, Attack Type: Statistical Attack, Error: 0, Time: 0.061136722564697266, NFound: 5, Coef: 8
Round: 2, Attack Type: Statistical Attack, Error: 0, Time: 0.06366300582885742, NFound: 10, Coef: 10
