Round: 1, Attack Type: Statistical Attack, Error: 0, Time: 0.07616400718688965, NFound: 5, Coef: 8
Round: 2, Attack Type: Statistical Attack, Error: 0, Time: 0.0793299674987793, NFound: 10, Coef: 10
