Round: 1, Attack Type: Statistical Attack, Error: 0, Time: 0.1283109188079834, NFound: 10, Coef: 10
Round: 2, Attack Type: Statistical Attack, Error: 0, Time: 0.12442302703857422, NFound: 10, Coef: 10
