Round: 1, Attack Type: Statistical Attack, Error: 0, Time: 0.0914607048034668, NFound: 10, Coef: 10
Round: 2, Attack Type: Statistical Attack, Error: 0, Time: 0.11151623725891113, NFound: 10, Coef: 10
