Round: 1, Attack Type: Statistical Attack, Error: 0, Time: 0.09074974060058594, NFound: 10, Coef: 10
Round: 2, Attack Type: Statistical Attack, Error: 0, Time: 0.09554123878479004, NFound: 10, Coef: 10
