Round: 1, Attack Type: Statistical Attack, Error: 0, Time: 0.06542491912841797, NFound: 10, Coef: 10
Round: 2, Attack Type: Statistical Attack, Error: 0, Time: 0.07187604904174805, NFound: 9, Coef: 8
