Round: 1, Attack Type: Statistical Attack, Error: 0, Time: 0.07999491691589355, NFound: 5, Coef: 8
Round: 2, Attack Type: Statistical Attack, Error: 0, Time: 0.08478593826293945, NFound: 10, Coef: 10
