Round: 1, Attack Type: Statistical Attack, Error: 0, Time: 0.07897090911865234, NFound: 5, Coef: 8
Round: 2, Attack Type: Statistical Attack, Error: 0, Time: 0.09158086776733398, NFound: 10, Coef: 10
