Round: 1, Attack Type: Statistical Attack, Error: 0, Time: 0.08059501647949219, NFound: 5, Coef: 8
Round: 2, Attack Type: Statistical Attack, Error: 0, Time: 0.0856177806854248, NFound: 10, Coef: 10
