Round: 1, Attack Type: Statistical Attack, Error: 0, Time: 0.06871604919433594, NFound: 10, Coef: 10
Round: 2, Attack Type: Statistical Attack, Error: 0, Time: 0.07367801666259766, NFound: 10, Coef: 10
