Round: 1, Attack Type: Statistical Attack, Error: 0, Time: 0.08251309394836426, NFound: 5, Coef: 8
Round: 2, Attack Type: Statistical Attack, Error: 0, Time: 0.0791010856628418, NFound: 10, Coef: 10
