Round: 1, Attack Type: Statistical Attack, Error: 0, Time: 0.08022332191467285, NFound: 5, Coef: 8
Round: 2, Attack Type: Statistical Attack, Error: 0, Time: 0.08191514015197754, NFound: 10, Coef: 10
