Round: 1, Attack Type: Statistical Attack, Error: 0, Time: 0.07817316055297852, NFound: 10, Coef: 10
Round: 2, Attack Type: Statistical Attack, Error: 0, Time: 0.08319711685180664, NFound: 10, Coef: 10
