Round: 1, Attack Type: Statistical Attack, Error: 0, Time: 0.06828188896179199, NFound: 5, Coef: 8
Round: 2, Attack Type: Statistical Attack, Error: 0, Time: 0.0951380729675293, NFound: 10, Coef: 10
