Round: 1, Attack Type: Statistical Attack, Error: 0, Time: 0.09169483184814453, NFound: 10, Coef: 10
Round: 2, Attack Type: Statistical Attack, Error: 0, Time: 0.09303879737854004, NFound: 10, Coef: 10
