Round: 1, Attack Type: Statistical Attack, Error: 0, Time: 0.12831687927246094, NFound: 10, Coef: 10
Round: 2, Attack Type: Statistical Attack, Error: 0, Time: 0.14491581916809082, NFound: 10, Coef: 10
