Round: 1, Attack Type: Statistical Attack, Error: 0, Time: 0.0665738582611084, NFound: 10, Coef: 10
Round: 2, Attack Type: Statistical Attack, Error: 0, Time: 0.07822179794311523, NFound: 10, Coef: 10
