Round: 1, Attack Type: Statistical Attack, Error: 0, Time: 0.08950209617614746, NFound: 5, Coef: 8
Round: 2, Attack Type: Statistical Attack, Error: 0, Time: 0.1033329963684082, NFound: 10, Coef: 10
