Round: 1, Attack Type: Statistical Attack, Error: 0, Time: 0.08795905113220215, NFound: 5, Coef: 8
Round: 2, Attack Type: Statistical Attack, Error: 0, Time: 0.07534384727478027, NFound: 10, Coef: 10
