Round: 1, Attack Type: Statistical Attack, Error: 0, Time: 0.08110523223876953, NFound: 10, Coef: 10
Round: 2, Attack Type: Statistical Attack, Error: 0, Time: 0.09288382530212402, NFound: 10, Coef: 10
