Round: 1, Attack Type: Statistical Attack, Error: 0, Time: 0.06386494636535645, NFound: 5, Coef: 8
Round: 2, Attack Type: Statistical Attack, Error: 0, Time: 0.06625604629516602, NFound: 10, Coef: 10
