Round: 1, Attack Type: Statistical Attack, Error: 0, Time: 0.07337212562561035, NFound: 5, Coef: 8
Round: 2, Attack Type: Statistical Attack, Error: 0, Time: 0.07136821746826172, NFound: 10, Coef: 10
