Round: 1, Attack Type: Statistical Attack, Error: 0, Time: 0.07809782028198242, NFound: 5, Coef: 8
Round: 2, Attack Type: Statistical Attack, Error: 0, Time: 0.07925581932067871, NFound: 10, Coef: 10
