Round: 1, Attack Type: Statistical Attack, Error: 0, Time: 0.1391899585723877, NFound: 10, Coef: 10
Round: 2, Attack Type: Statistical Attack, Error: 0, Time: 0.1590709686279297, NFound: 10, Coef: 10
