Round: 1, Attack Type: Statistical Attack, Error: 0, Time: 0.09743523597717285, NFound: 10, Coef: 10
Round: 2, Attack Type: Statistical Attack, Error: 0, Time: 0.10177397727966309, NFound: 10, Coef: 10
