Round: 1, Attack Type: Statistical Attack, Error: 0, Time: 0.0996389389038086, NFound: 5, Coef: 8
Round: 2, Attack Type: Statistical Attack, Error: 0, Time: 0.11350798606872559, NFound: 9, Coef: 8
