Round: 1, Attack Type: Statistical Attack, Error: 0, Time: 0.09761404991149902, NFound: 5, Coef: 8
Round: 2, Attack Type: Statistical Attack, Error: 0, Time: 0.10896873474121094, NFound: 10, Coef: 10
