Round: 1, Attack Type: Statistical Attack, Error: 0, Time: 0.08833003044128418, NFound: 5, Coef: 8
Round: 2, Attack Type: Statistical Attack, Error: 0, Time: 0.08863091468811035, NFound: 10, Coef: 10
