Round: 1, Attack Type: Statistical Attack, Error: 0, Time: 0.07621121406555176, NFound: 10, Coef: 10
Round: 2, Attack Type: Statistical Attack, Error: 0, Time: 0.08595705032348633, NFound: 10, Coef: 10
