Round: 1, Attack Type: Statistical Attack, Error: 0, Time: 0.11401605606079102, NFound: 10, Coef: 10
Round: 2, Attack Type: Statistical Attack, Error: 0, Time: 0.1180117130279541, NFound: 9, Coef: 8
