Round: 1, Attack Type: Statistical Attack, Error: 0, Time: 0.08311009407043457, NFound: 10, Coef: 10
Round: 2, Attack Type: Statistical Attack, Error: 0, Time: 0.08758807182312012, NFound: 10, Coef: 10
