Round: 1, Attack Type: Statistical Attack, Error: 0, Time: 0.08569502830505371, NFound: 10, Coef: 10
Round: 2, Attack Type: Statistical Attack, Error: 0, Time: 0.09965372085571289, NFound: 10, Coef: 10
