Round: 1, Attack Type: Statistical Attack, Error: 0, Time: 0.0759429931640625, NFound: 10, Coef: 10
Round: 2, Attack Type: Statistical Attack, Error: 0, Time: 0.07522916793823242, NFound: 10, Coef: 10
