Round: 1, Attack Type: Statistical Attack, Error: 0, Time: 0.08751201629638672, NFound: 5, Coef: 8
Round: 2, Attack Type: Statistical Attack, Error: 0, Time: 0.09756088256835938, NFound: 10, Coef: 10
