Round: 1, Attack Type: Statistical Attack, Error: 0, Time: 0.06443190574645996, NFound: 10, Coef: 10
Round: 2, Attack Type: Statistical Attack, Error: 0, Time: 0.06456923484802246, NFound: 10, Coef: 10
