Round: 1, Attack Type: Statistical Attack, Error: 0, Time: 0.058013200759887695, NFound: 5, Coef: 8
Round: 2, Attack Type: Statistical Attack, Error: 0, Time: 0.06414985656738281, NFound: 10, Coef: 10
