Round: 1, Attack Type: Statistical Attack, Error: 0, Time: 0.12171077728271484, NFound: 5, Coef: 8
Round: 2, Attack Type: Statistical Attack, Error: 0, Time: 0.12338471412658691, NFound: 10, Coef: 10
