Round: 1, Attack Type: Statistical Attack, Error: 0, Time: 0.07327914237976074, NFound: 10, Coef: 10
Round: 2, Attack Type: Statistical Attack, Error: 0, Time: 0.08223915100097656, NFound: 10, Coef: 10
