Round: 1, Attack Type: Statistical Attack, Error: 0, Time: 0.07524704933166504, NFound: 10, Coef: 10
Round: 2, Attack Type: Statistical Attack, Error: 0, Time: 0.09222984313964844, NFound: 10, Coef: 10
