Round: 1, Attack Type: Statistical Attack, Error: 0, Time: 0.06351423263549805, NFound: 10, Coef: 10
Round: 2, Attack Type: Statistical Attack, Error: 0, Time: 0.06654691696166992, NFound: 10, Coef: 10
