Round: 1, Attack Type: Statistical Attack, Error: 0, Time: 0.07160019874572754, NFound: 5, Coef: 8
Round: 2, Attack Type: Statistical Attack, Error: 0, Time: 0.08664965629577637, NFound: 10, Coef: 10
