Round: 1, Attack Type: Statistical Attack, Error: 0, Time: 0.06475210189819336, NFound: 5, Coef: 8
Round: 2, Attack Type: Statistical Attack, Error: 0, Time: 0.06404519081115723, NFound: 10, Coef: 10
