Round: 1, Attack Type: Statistical Attack, Error: 0, Time: 0.08028602600097656, NFound: 5, Coef: 8
Round: 2, Attack Type: Statistical Attack, Error: 0, Time: 0.08243989944458008, NFound: 10, Coef: 10
