Round: 1, Attack Type: Statistical Attack, Error: 0, Time: 0.07265400886535645, NFound: 5, Coef: 8
Round: 2, Attack Type: Statistical Attack, Error: 0, Time: 0.07840204238891602, NFound: 10, Coef: 10
