Round: 1, Attack Type: Statistical Attack, Error: 0, Time: 0.08101916313171387, NFound: 5, Coef: 8
Round: 2, Attack Type: Statistical Attack, Error: 0, Time: 0.08428502082824707, NFound: 10, Coef: 10
