Round: 1, Attack Type: Statistical Attack, Error: 0, Time: 0.0790247917175293, NFound: 10, Coef: 10
Round: 2, Attack Type: Statistical Attack, Error: 0, Time: 0.08786416053771973, NFound: 10, Coef: 10
