Round: 1, Attack Type: Statistical Attack, Error: 0, Time: 0.06547808647155762, NFound: 10, Coef: 10
Round: 2, Attack Type: Statistical Attack, Error: 0, Time: 0.07593894004821777, NFound: 10, Coef: 10
