Round: 1, Attack Type: Statistical Attack, Error: 0, Time: 0.10182332992553711, NFound: 5, Coef: 8
Round: 2, Attack Type: Statistical Attack, Error: 0, Time: 0.10222220420837402, NFound: 10, Coef: 10
