Round: 1, Attack Type: Statistical Attack, Error: 0, Time: 0.07396197319030762, NFound: 5, Coef: 8
Round: 2, Attack Type: Statistical Attack, Error: 0, Time: 0.07673501968383789, NFound: 10, Coef: 10
