Round: 1, Attack Type: Statistical Attack, Error: 0, Time: 0.06820297241210938, NFound: 10, Coef: 10
Round: 2, Attack Type: Statistical Attack, Error: 0, Time: 0.08459305763244629, NFound: 10, Coef: 10
