Round: 1, Attack Type: Statistical Attack, Error: 0, Time: 0.0677499771118164, NFound: 10, Coef: 10
Round: 2, Attack Type: Statistical Attack, Error: 0, Time: 0.078704833984375, NFound: 10, Coef: 10
