Round: 1, Attack Type: Statistical Attack, Error: 0, Time: 0.07319116592407227, NFound: 10, Coef: 10
Round: 2, Attack Type: Statistical Attack, Error: 0, Time: 0.08485794067382812, NFound: 10, Coef: 10
