Round: 1, Attack Type: Statistical Attack, Error: 0, Time: 0.06935405731201172, NFound: 5, Coef: 8
Round: 2, Attack Type: Statistical Attack, Error: 0, Time: 0.07091283798217773, NFound: 10, Coef: 10
