Round: 1, Attack Type: Statistical Attack, Error: 0, Time: 0.0800321102142334, NFound: 10, Coef: 10
Round: 2, Attack Type: Statistical Attack, Error: 0, Time: 0.09026002883911133, NFound: 10, Coef: 10
