Round: 1, Attack Type: Statistical Attack, Error: 0, Time: 0.08070802688598633, NFound: 5, Coef: 8
Round: 2, Attack Type: Statistical Attack, Error: 0, Time: 0.10133099555969238, NFound: 10, Coef: 10
