Round: 1, Attack Type: Statistical Attack, Error: 0, Time: 0.08011913299560547, NFound: 5, Coef: 8
Round: 2, Attack Type: Statistical Attack, Error: 0, Time: 0.08159899711608887, NFound: 10, Coef: 10
