Round: 1, Attack Type: Statistical Attack, Error: 0, Time: 0.11478900909423828, NFound: 5, Coef: 8
Round: 2, Attack Type: Statistical Attack, Error: 0, Time: 0.10162687301635742, NFound: 10, Coef: 10
