Round: 1, Attack Type: Statistical Attack, Error: 0, Time: 0.0834500789642334, NFound: 5, Coef: 8
Round: 2, Attack Type: Statistical Attack, Error: 0, Time: 0.09226012229919434, NFound: 10, Coef: 10
