Round: 1, Attack Type: Statistical Attack, Error: 0, Time: 0.07936692237854004, NFound: 5, Coef: 8
Round: 2, Attack Type: Statistical Attack, Error: 0, Time: 0.10566997528076172, NFound: 9, Coef: 8
