Round: 1, Attack Type: Statistical Attack, Error: 0, Time: 0.07010889053344727, NFound: 5, Coef: 8
Round: 2, Attack Type: Statistical Attack, Error: 0, Time: 0.08114790916442871, NFound: 10, Coef: 10
