Round: 1, Attack Type: Statistical Attack, Error: 0, Time: 0.0941159725189209, NFound: 5, Coef: 8
Round: 2, Attack Type: Statistical Attack, Error: 0, Time: 0.1098320484161377, NFound: 10, Coef: 10
