Round: 1, Attack Type: Statistical Attack, Error: 0, Time: 0.08583498001098633, NFound: 5, Coef: 8
Round: 2, Attack Type: Statistical Attack, Error: 0, Time: 0.07995390892028809, NFound: 10, Coef: 10
