Round: 1, Attack Type: Statistical Attack, Error: 0, Time: 0.09987211227416992, NFound: 1, Coef: 4
Round: 2, Attack Type: Statistical Attack, Error: 0, Time: 0.11099791526794434, NFound: 1, Coef: 2
