Round: 1, Attack Type: Statistical Attack, Error: 0, Time: 0.11296391487121582, NFound: 10, Coef: 10
Round: 2, Attack Type: Statistical Attack, Error: 0, Time: 0.119873046875, NFound: 10, Coef: 10
