Round: 1, Attack Type: Statistical Attack, Error: 0, Time: 0.07049989700317383, NFound: 10, Coef: 10
Round: 2, Attack Type: Statistical Attack, Error: 0, Time: 0.07883477210998535, NFound: 10, Coef: 10
