Round: 1, Attack Type: Statistical Attack, Error: 0, Time: 0.08999824523925781, NFound: 5, Coef: 8
Round: 2, Attack Type: Statistical Attack, Error: 0, Time: 0.11382198333740234, NFound: 10, Coef: 10
