Round: 1, Attack Type: Statistical Attack, Error: 0, Time: 0.09201598167419434, NFound: 5, Coef: 8
Round: 2, Attack Type: Statistical Attack, Error: 0, Time: 0.10462212562561035, NFound: 10, Coef: 10
