Round: 1, Attack Type: Statistical Attack, Error: 0, Time: 0.07963919639587402, NFound: 5, Coef: 8
Round: 2, Attack Type: Statistical Attack, Error: 0, Time: 0.08976292610168457, NFound: 9, Coef: 8
