Round: 1, Attack Type: Statistical Attack, Error: 0, Time: 0.06237483024597168, NFound: 5, Coef: 8
Round: 2, Attack Type: Statistical Attack, Error: 0, Time: 0.07683396339416504, NFound: 10, Coef: 10
