Round: 1, Attack Type: Statistical Attack, Error: 0, Time: 0.08243322372436523, NFound: 5, Coef: 8
Round: 2, Attack Type: Statistical Attack, Error: 0, Time: 0.09444093704223633, NFound: 10, Coef: 10
