Round: 1, Attack Type: Statistical Attack, Error: 0, Time: 0.07569313049316406, NFound: 5, Coef: 8
Round: 2, Attack Type: Statistical Attack, Error: 0, Time: 0.08315086364746094, NFound: 10, Coef: 10
