Round: 1, Attack Type: Statistical Attack, Error: 0, Time: 0.08509588241577148, NFound: 5, Coef: 8
Round: 2, Attack Type: Statistical Attack, Error: 0, Time: 0.08998894691467285, NFound: 10, Coef: 10
