Round: 1, Attack Type: Statistical Attack, Error: 0, Time: 0.07643699645996094, NFound: 10, Coef: 10
Round: 2, Attack Type: Statistical Attack, Error: 0, Time: 0.07898998260498047, NFound: 10, Coef: 10
