Round: 1, Attack Type: Statistical Attack, Error: 0, Time: 0.0819549560546875, NFound: 5, Coef: 8
Round: 2, Attack Type: Statistical Attack, Error: 0, Time: 0.08029913902282715, NFound: 10, Coef: 10
