Round: 1, Attack Type: Statistical Attack, Error: 0, Time: 0.07819104194641113, NFound: 5, Coef: 8
Round: 2, Attack Type: Statistical Attack, Error: 0, Time: 0.08111715316772461, NFound: 10, Coef: 10
