Round: 1, Attack Type: Statistical Attack, Error: 0, Time: 0.07694482803344727, NFound: 5, Coef: 8
Round: 2, Attack Type: Statistical Attack, Error: 0, Time: 0.0832052230834961, NFound: 10, Coef: 10
