Round: 1, Attack Type: Statistical Attack, Error: 0, Time: 0.0898737907409668, NFound: 5, Coef: 8
Round: 2, Attack Type: Statistical Attack, Error: 0, Time: 0.09741592407226562, NFound: 10, Coef: 10
