Round: 1, Attack Type: Statistical Attack, Error: 0, Time: 0.09585690498352051, NFound: 10, Coef: 10
Round: 2, Attack Type: Statistical Attack, Error: 0, Time: 0.11269378662109375, NFound: 9, Coef: 8
