Round: 1, Attack Type: Statistical Attack, Error: 0, Time: 0.12229514122009277, NFound: 5, Coef: 8
Round: 2, Attack Type: Statistical Attack, Error: 0, Time: 0.11967992782592773, NFound: 10, Coef: 10
