Round: 1, Attack Type: Statistical Attack, Error: 0, Time: 0.0652310848236084, NFound: 5, Coef: 8
Round: 2, Attack Type: Statistical Attack, Error: 0, Time: 0.07106518745422363, NFound: 10, Coef: 10
