Round: 1, Attack Type: Statistical Attack, Error: 0, Time: 0.09088897705078125, NFound: 5, Coef: 8
Round: 2, Attack Type: Statistical Attack, Error: 0, Time: 0.10198593139648438, NFound: 10, Coef: 10
