Round: 1, Attack Type: Statistical Attack, Error: 0, Time: 0.11471390724182129, NFound: 5, Coef: 8
Round: 2, Attack Type: Statistical Attack, Error: 0, Time: 0.11715984344482422, NFound: 10, Coef: 10
