Round: 1, Attack Type: Statistical Attack, Error: 0, Time: 0.0868830680847168, NFound: 5, Coef: 8
Round: 2, Attack Type: Statistical Attack, Error: 0, Time: 0.09185600280761719, NFound: 9, Coef: 8
