Round: 1, Attack Type: Statistical Attack, Error: 0, Time: 0.11476278305053711, NFound: 5, Coef: 8
Round: 2, Attack Type: Statistical Attack, Error: 0, Time: 0.10389494895935059, NFound: 10, Coef: 10
