Round: 1, Attack Type: Statistical Attack, Error: 0, Time: 0.08095121383666992, NFound: 5, Coef: 8
Round: 2, Attack Type: Statistical Attack, Error: 0, Time: 0.08405923843383789, NFound: 10, Coef: 10
