Round: 1, Attack Type: Statistical Attack, Error: 0, Time: 0.09017181396484375, NFound: 5, Coef: 8
Round: 2, Attack Type: Statistical Attack, Error: 0, Time: 0.08899593353271484, NFound: 10, Coef: 10
