Round: 1, Attack Type: Statistical Attack, Error: 0, Time: 0.07396578788757324, NFound: 5, Coef: 8
Round: 2, Attack Type: Statistical Attack, Error: 0, Time: 0.08330512046813965, NFound: 10, Coef: 10
