Round: 1, Attack Type: Statistical Attack, Error: 0, Time: 0.0983271598815918, NFound: 10, Coef: 10
Round: 2, Attack Type: Statistical Attack, Error: 0, Time: 0.10386824607849121, NFound: 10, Coef: 10
