Round: 1, Attack Type: Statistical Attack, Error: 0, Time: 0.08466482162475586, NFound: 10, Coef: 10
Round: 2, Attack Type: Statistical Attack, Error: 0, Time: 0.08350014686584473, NFound: 10, Coef: 10
