Round: 1, Attack Type: Statistical Attack, Error: 0, Time: 0.0640251636505127, NFound: 10, Coef: 10
Round: 2, Attack Type: Statistical Attack, Error: 0, Time: 0.07338857650756836, NFound: 10, Coef: 10
