Round: 1, Attack Type: Statistical Attack, Error: 0, Time: 0.08561205863952637, NFound: 5, Coef: 8
Round: 2, Attack Type: Statistical Attack, Error: 0, Time: 0.0917050838470459, NFound: 10, Coef: 10
