Round: 1, Attack Type: Statistical Attack, Error: 0, Time: 0.15872478485107422, NFound: 5, Coef: 8
Round: 2, Attack Type: Statistical Attack, Error: 0, Time: 0.2631199359893799, NFound: 10, Coef: 10
