Round: 1, Attack Type: Statistical Attack, Error: 0, Time: 0.07755494117736816, NFound: 10, Coef: 10
Round: 2, Attack Type: Statistical Attack, Error: 0, Time: 0.07979798316955566, NFound: 10, Coef: 10
