Round: 1, Attack Type: Statistical Attack, Error: 0, Time: 0.08343911170959473, NFound: 10, Coef: 10
Round: 2, Attack Type: Statistical Attack, Error: 0, Time: 0.08593273162841797, NFound: 10, Coef: 10
