Round: 1, Attack Type: Statistical Attack, Error: 0, Time: 0.07631516456604004, NFound: 9, Coef: 8
Round: 2, Attack Type: Statistical Attack, Error: 0, Time: 0.07629013061523438, NFound: 10, Coef: 10
