Round: 1, Attack Type: Statistical Attack, Error: 0, Time: 0.08137798309326172, NFound: 5, Coef: 8
Round: 2, Attack Type: Statistical Attack, Error: 0, Time: 0.08601498603820801, NFound: 10, Coef: 10
