Round: 1, Attack Type: Statistical Attack, Error: 0, Time: 0.09529900550842285, NFound: 5, Coef: 8
Round: 2, Attack Type: Statistical Attack, Error: 0, Time: 0.07912492752075195, NFound: 10, Coef: 10
