Round: 1, Attack Type: Statistical Attack, Error: 0, Time: 0.09038019180297852, NFound: 5, Coef: 8
Round: 2, Attack Type: Statistical Attack, Error: 0, Time: 0.10243701934814453, NFound: 10, Coef: 10
