Round: 1, Attack Type: Statistical Attack, Error: 0, Time: 0.07461667060852051, NFound: 10, Coef: 10
Round: 2, Attack Type: Statistical Attack, Error: 0, Time: 0.0782768726348877, NFound: 10, Coef: 10
