Round: 1, Attack Type: Statistical Attack, Error: 0, Time: 0.06867194175720215, NFound: 10, Coef: 10
Round: 2, Attack Type: Statistical Attack, Error: 0, Time: 0.08374214172363281, NFound: 10, Coef: 10
