Round: 1, Attack Type: Statistical Attack, Error: 0, Time: 0.06183290481567383, NFound: 5, Coef: 8
Round: 2, Attack Type: Statistical Attack, Error: 0, Time: 0.07347679138183594, NFound: 10, Coef: 10
