Round: 1, Attack Type: Statistical Attack, Error: 0, Time: 0.06241488456726074, NFound: 10, Coef: 10
Round: 2, Attack Type: Statistical Attack, Error: 0, Time: 0.0742959976196289, NFound: 10, Coef: 10
