Round: 1, Attack Type: Statistical Attack, Error: 0, Time: 0.10487699508666992, NFound: 5, Coef: 8
Round: 2, Attack Type: Statistical Attack, Error: 0, Time: 0.10857510566711426, NFound: 10, Coef: 10
