Round: 1, Attack Type: Statistical Attack, Error: 0, Time: 0.07237029075622559, NFound: 10, Coef: 10
Round: 2, Attack Type: Statistical Attack, Error: 0, Time: 0.16061902046203613, NFound: 10, Coef: 10
