Round: 1, Attack Type: Statistical Attack, Error: 0, Time: 0.08219528198242188, NFound: 10, Coef: 10
Round: 2, Attack Type: Statistical Attack, Error: 0, Time: 0.08083200454711914, NFound: 10, Coef: 10
