Round: 1, Attack Type: Statistical Attack, Error: 0, Time: 0.09630703926086426, NFound: 10, Coef: 10
Round: 2, Attack Type: Statistical Attack, Error: 0, Time: 0.11146211624145508, NFound: 10, Coef: 10
