Round: 1, Attack Type: Statistical Attack, Error: 0, Time: 0.07423615455627441, NFound: 10, Coef: 10
Round: 2, Attack Type: Statistical Attack, Error: 0, Time: 0.08372807502746582, NFound: 10, Coef: 10
