Round: 1, Attack Type: Statistical Attack, Error: 0, Time: 0.1027841567993164, NFound: 10, Coef: 10
Round: 2, Attack Type: Statistical Attack, Error: 0, Time: 0.11679196357727051, NFound: 10, Coef: 10
