Round: 1, Attack Type: Statistical Attack, Error: 0, Time: 0.08486127853393555, NFound: 5, Coef: 8
Round: 2, Attack Type: Statistical Attack, Error: 0, Time: 0.09297513961791992, NFound: 10, Coef: 10
