Round: 1, Attack Type: Statistical Attack, Error: 0, Time: 0.06563496589660645, NFound: 5, Coef: 8
Round: 2, Attack Type: Statistical Attack, Error: 0, Time: 0.07089114189147949, NFound: 10, Coef: 10
