Round: 1, Attack Type: Statistical Attack, Error: 0, Time: 0.0691068172454834, NFound: 5, Coef: 8
Round: 2, Attack Type: Statistical Attack, Error: 0, Time: 0.08829116821289062, NFound: 10, Coef: 10
