Round: 1, Attack Type: Statistical Attack, Error: 0, Time: 0.07072901725769043, NFound: 5, Coef: 8
Round: 2, Attack Type: Statistical Attack, Error: 0, Time: 0.08337903022766113, NFound: 10, Coef: 10
