Round: 1, Attack Type: Statistical Attack, Error: 0, Time: 0.09076499938964844, NFound: 10, Coef: 10
Round: 2, Attack Type: Statistical Attack, Error: 0, Time: 0.10195136070251465, NFound: 10, Coef: 10
