Round: 1, Attack Type: Statistical Attack, Error: 0, Time: 0.07546234130859375, NFound: 5, Coef: 8
Round: 2, Attack Type: Statistical Attack, Error: 0, Time: 0.0805518627166748, NFound: 10, Coef: 10
