Round: 1, Attack Type: Statistical Attack, Error: 0, Time: 0.07869696617126465, NFound: 5, Coef: 8
Round: 2, Attack Type: Statistical Attack, Error: 0, Time: 0.10895013809204102, NFound: 9, Coef: 8
