Round: 1, Attack Type: Statistical Attack, Error: 0, Time: 0.07258296012878418, NFound: 9, Coef: 8
Round: 2, Attack Type: Statistical Attack, Error: 0, Time: 0.08497309684753418, NFound: 10, Coef: 10
