Round: 1, Attack Type: Statistical Attack, Error: 0, Time: 0.0908060073852539, NFound: 5, Coef: 8
Round: 2, Attack Type: Statistical Attack, Error: 0, Time: 0.0990140438079834, NFound: 10, Coef: 10
