Round: 1, Attack Type: Statistical Attack, Error: 0, Time: 0.08723998069763184, NFound: 10, Coef: 10
Round: 2, Attack Type: Statistical Attack, Error: 0, Time: 0.20932984352111816, NFound: 10, Coef: 10
