Round: 1, Attack Type: Statistical Attack, Error: 0, Time: 0.07160210609436035, NFound: 10, Coef: 10
Round: 2, Attack Type: Statistical Attack, Error: 0, Time: 0.08155107498168945, NFound: 10, Coef: 10
