Round: 1, Attack Type: Statistical Attack, Error: 0, Time: 0.10531783103942871, NFound: 5, Coef: 8
Round: 2, Attack Type: Statistical Attack, Error: 0, Time: 0.11443901062011719, NFound: 10, Coef: 10
