Round: 1, Attack Type: Statistical Attack, Error: 0, Time: 0.09798407554626465, NFound: 5, Coef: 8
Round: 2, Attack Type: Statistical Attack, Error: 0, Time: 0.11295914649963379, NFound: 10, Coef: 10
