Round: 1, Attack Type: Statistical Attack, Error: 0, Time: 0.07175707817077637, NFound: 5, Coef: 8
Round: 2, Attack Type: Statistical Attack, Error: 0, Time: 0.08284807205200195, NFound: 10, Coef: 10
