Round: 1, Attack Type: Statistical Attack, Error: 0, Time: 0.08257007598876953, NFound: 10, Coef: 10
Round: 2, Attack Type: Statistical Attack, Error: 0, Time: 0.10104107856750488, NFound: 9, Coef: 8
