Round: 1, Attack Type: Statistical Attack, Error: 0, Time: 0.08133816719055176, NFound: 10, Coef: 10
Round: 2, Attack Type: Statistical Attack, Error: 0, Time: 0.0803680419921875, NFound: 10, Coef: 10
