Round: 1, Attack Type: Statistical Attack, Error: 0, Time: 0.08675408363342285, NFound: 5, Coef: 8
Round: 2, Attack Type: Statistical Attack, Error: 0, Time: 0.09850382804870605, NFound: 10, Coef: 10
