Round: 1, Attack Type: Statistical Attack, Error: 0, Time: 0.11054491996765137, NFound: 5, Coef: 8
Round: 2, Attack Type: Statistical Attack, Error: 0, Time: 0.12305688858032227, NFound: 10, Coef: 10
