Round: 1, Attack Type: Statistical Attack, Error: 0, Time: 0.10590577125549316, NFound: 5, Coef: 8
Round: 2, Attack Type: Statistical Attack, Error: 0, Time: 0.10269713401794434, NFound: 10, Coef: 10
