Round: 1, Attack Type: Statistical Attack, Error: 0, Time: 0.06845879554748535, NFound: 10, Coef: 10
Round: 2, Attack Type: Statistical Attack, Error: 0, Time: 0.09504103660583496, NFound: 9, Coef: 8
