Round: 1, Attack Type: Statistical Attack, Error: 0, Time: 0.07399392127990723, NFound: 10, Coef: 10
Round: 2, Attack Type: Statistical Attack, Error: 0, Time: 0.0768129825592041, NFound: 10, Coef: 10
