Round: 1, Attack Type: Statistical Attack, Error: 0, Time: 0.08514404296875, NFound: 5, Coef: 8
Round: 2, Attack Type: Statistical Attack, Error: 0, Time: 0.0873098373413086, NFound: 10, Coef: 10
