Round: 1, Attack Type: Statistical Attack, Error: 0, Time: 0.07969784736633301, NFound: 5, Coef: 8
Round: 2, Attack Type: Statistical Attack, Error: 0, Time: 0.08196401596069336, NFound: 10, Coef: 10
