Round: 1, Attack Type: Statistical Attack, Error: 0, Time: 0.06850385665893555, NFound: 10, Coef: 10
Round: 2, Attack Type: Statistical Attack, Error: 0, Time: 0.08560991287231445, NFound: 10, Coef: 10
