Round: 1, Attack Type: Statistical Attack, Error: 0, Time: 0.08191680908203125, NFound: 10, Coef: 10
Round: 2, Attack Type: Statistical Attack, Error: 0, Time: 0.07625913619995117, NFound: 10, Coef: 10
