Round: 1, Attack Type: Statistical Attack, Error: 0, Time: 0.07858109474182129, NFound: 5, Coef: 8
Round: 2, Attack Type: Statistical Attack, Error: 0, Time: 0.07332801818847656, NFound: 10, Coef: 10
