Round: 1, Attack Type: Statistical Attack, Error: 0, Time: 0.08680987358093262, NFound: 10, Coef: 10
Round: 2, Attack Type: Statistical Attack, Error: 0, Time: 0.10255694389343262, NFound: 10, Coef: 10
