Round: 1, Attack Type: Statistical Attack, Error: 0, Time: 0.07133221626281738, NFound: 10, Coef: 10
Round: 2, Attack Type: Statistical Attack, Error: 0, Time: 0.0837850570678711, NFound: 10, Coef: 10
