Round: 1, Attack Type: Statistical Attack, Error: 0, Time: 0.0897378921508789, NFound: 5, Coef: 8
Round: 2, Attack Type: Statistical Attack, Error: 0, Time: 0.10024309158325195, NFound: 10, Coef: 10
