Round: 1, Attack Type: Statistical Attack, Error: 0, Time: 0.06853008270263672, NFound: 5, Coef: 8
Round: 2, Attack Type: Statistical Attack, Error: 0, Time: 0.07788801193237305, NFound: 10, Coef: 10
