Round: 1, Attack Type: Statistical Attack, Error: 0, Time: 0.10034584999084473, NFound: 10, Coef: 10
Round: 2, Attack Type: Statistical Attack, Error: 0, Time: 0.11614084243774414, NFound: 10, Coef: 10
