Round: 1, Attack Type: Statistical Attack, Error: 0, Time: 0.08215022087097168, NFound: 5, Coef: 8
Round: 2, Attack Type: Statistical Attack, Error: 0, Time: 0.07903575897216797, NFound: 10, Coef: 10
