Round: 1, Attack Type: Statistical Attack, Error: 0, Time: 0.06069183349609375, NFound: 5, Coef: 8
Round: 2, Attack Type: Statistical Attack, Error: 0, Time: 0.06423497200012207, NFound: 10, Coef: 10
