Round: 1, Attack Type: Statistical Attack, Error: 0, Time: 0.10354781150817871, NFound: 10, Coef: 10
Round: 2, Attack Type: Statistical Attack, Error: 0, Time: 0.11319303512573242, NFound: 10, Coef: 10
