Round: 1, Attack Type: Statistical Attack, Error: 0, Time: 0.07736682891845703, NFound: 5, Coef: 8
Round: 2, Attack Type: Statistical Attack, Error: 0, Time: 0.0796968936920166, NFound: 10, Coef: 10
