Round: 1, Attack Type: Statistical Attack, Error: 0, Time: 0.09292912483215332, NFound: 10, Coef: 10
Round: 2, Attack Type: Statistical Attack, Error: 0, Time: 0.12960100173950195, NFound: 10, Coef: 10
