Round: 1, Attack Type: Statistical Attack, Error: 0, Time: 0.09623885154724121, NFound: 5, Coef: 8
Round: 2, Attack Type: Statistical Attack, Error: 0, Time: 0.09152603149414062, NFound: 10, Coef: 10
