Round: 1, Attack Type: Statistical Attack, Error: 0, Time: 0.06847500801086426, NFound: 10, Coef: 10
Round: 2, Attack Type: Statistical Attack, Error: 0, Time: 0.08064603805541992, NFound: 10, Coef: 10
