Round: 1, Attack Type: Statistical Attack, Error: 0, Time: 0.07013607025146484, NFound: 5, Coef: 8
Round: 2, Attack Type: Statistical Attack, Error: 0, Time: 0.07847332954406738, NFound: 10, Coef: 10
