Round: 1, Attack Type: Statistical Attack, Error: 0, Time: 0.08142614364624023, NFound: 10, Coef: 10
Round: 2, Attack Type: Statistical Attack, Error: 0, Time: 0.09790897369384766, NFound: 10, Coef: 10
