Round: 1, Attack Type: Statistical Attack, Error: 0, Time: 0.08879995346069336, NFound: 10, Coef: 10
Round: 2, Attack Type: Statistical Attack, Error: 0, Time: 0.11842203140258789, NFound: 10, Coef: 10
