Round: 1, Attack Type: Statistical Attack, Error: 0, Time: 0.09956598281860352, NFound: 10, Coef: 10
Round: 2, Attack Type: Statistical Attack, Error: 0, Time: 0.10847592353820801, NFound: 10, Coef: 10
