Round: 1, Attack Type: Statistical Attack, Error: 0, Time: 0.11524581909179688, NFound: 10, Coef: 10
Round: 2, Attack Type: Statistical Attack, Error: 0, Time: 0.10080599784851074, NFound: 10, Coef: 10
