Round: 1, Attack Type: Statistical Attack, Error: 0, Time: 0.07776808738708496, NFound: 10, Coef: 10
Round: 2, Attack Type: Statistical Attack, Error: 0, Time: 0.07679104804992676, NFound: 10, Coef: 10
