Round: 1, Attack Type: Statistical Attack, Error: 0, Time: 0.07037210464477539, NFound: 5, Coef: 8
Round: 2, Attack Type: Statistical Attack, Error: 0, Time: 0.07667994499206543, NFound: 10, Coef: 10
