Round: 1, Attack Type: Statistical Attack, Error: 0, Time: 0.0738368034362793, NFound: 10, Coef: 10
Round: 2, Attack Type: Statistical Attack, Error: 0, Time: 0.07869815826416016, NFound: 10, Coef: 10
