Round: 1, Attack Type: Statistical Attack, Error: 0, Time: 0.0815119743347168, NFound: 10, Coef: 10
Round: 2, Attack Type: Statistical Attack, Error: 0, Time: 0.09308004379272461, NFound: 10, Coef: 10
