Round: 1, Attack Type: Statistical Attack, Error: 0, Time: 0.06846213340759277, NFound: 10, Coef: 10
Round: 2, Attack Type: Statistical Attack, Error: 0, Time: 0.0799260139465332, NFound: 10, Coef: 10
