Round: 1, Attack Type: Statistical Attack, Error: 0, Time: 0.09525299072265625, NFound: 10, Coef: 10
Round: 2, Attack Type: Statistical Attack, Error: 0, Time: 0.12419390678405762, NFound: 10, Coef: 10
