Round: 1, Attack Type: Statistical Attack, Error: 0, Time: 0.059610843658447266, NFound: 10, Coef: 10
Round: 2, Attack Type: Statistical Attack, Error: 0, Time: 0.06488704681396484, NFound: 10, Coef: 10
