Round: 1, Attack Type: Statistical Attack, Error: 0, Time: 0.10499191284179688, NFound: 5, Coef: 8
Round: 2, Attack Type: Statistical Attack, Error: 0, Time: 0.10963821411132812, NFound: 9, Coef: 8
