Round: 1, Attack Type: Statistical Attack, Error: 0, Time: 0.06787300109863281, NFound: 10, Coef: 10
Round: 2, Attack Type: Statistical Attack, Error: 0, Time: 0.0721278190612793, NFound: 10, Coef: 10
