Round: 1, Attack Type: Statistical Attack, Error: 0, Time: 0.07430505752563477, NFound: 5, Coef: 8
Round: 2, Attack Type: Statistical Attack, Error: 0, Time: 0.07959914207458496, NFound: 10, Coef: 10
