Round: 1, Attack Type: Statistical Attack, Error: 0, Time: 0.09020781517028809, NFound: 10, Coef: 10
Round: 2, Attack Type: Statistical Attack, Error: 0, Time: 0.10197210311889648, NFound: 10, Coef: 10
