Round: 1, Attack Type: Statistical Attack, Error: 0, Time: 0.07268404960632324, NFound: 5, Coef: 8
Round: 2, Attack Type: Statistical Attack, Error: 0, Time: 0.08098196983337402, NFound: 10, Coef: 10
