Round: 1, Attack Type: Statistical Attack, Error: 0, Time: 0.07027292251586914, NFound: 10, Coef: 10
Round: 2, Attack Type: Statistical Attack, Error: 0, Time: 0.07719302177429199, NFound: 10, Coef: 10
