Round: 1, Attack Type: Statistical Attack, Error: 0, Time: 0.07673978805541992, NFound: 10, Coef: 10
Round: 2, Attack Type: Statistical Attack, Error: 0, Time: 0.08406591415405273, NFound: 10, Coef: 10
