Round: 1, Attack Type: Statistical Attack, Error: 0, Time: 0.08049392700195312, NFound: 5, Coef: 8
Round: 2, Attack Type: Statistical Attack, Error: 0, Time: 0.07807612419128418, NFound: 10, Coef: 10
