Round: 1, Attack Type: Statistical Attack, Error: 0, Time: 0.07841110229492188, NFound: 5, Coef: 8
Round: 2, Attack Type: Statistical Attack, Error: 0, Time: 0.08522701263427734, NFound: 10, Coef: 10
