Round: 1, Attack Type: Statistical Attack, Error: 0, Time: 0.09236979484558105, NFound: 10, Coef: 10
Round: 2, Attack Type: Statistical Attack, Error: 0, Time: 0.10126996040344238, NFound: 10, Coef: 10
