Round: 1, Attack Type: Statistical Attack, Error: 0, Time: 0.09348201751708984, NFound: 5, Coef: 8
Round: 2, Attack Type: Statistical Attack, Error: 0, Time: 0.1002037525177002, NFound: 10, Coef: 10
