Round: 1, Attack Type: Statistical Attack, Error: 0, Time: 0.09182190895080566, NFound: 10, Coef: 10
Round: 2, Attack Type: Statistical Attack, Error: 0, Time: 0.095458984375, NFound: 10, Coef: 10
