Round: 1, Attack Type: Statistical Attack, Error: 0, Time: 0.07912087440490723, NFound: 5, Coef: 8
Round: 2, Attack Type: Statistical Attack, Error: 0, Time: 0.08171415328979492, NFound: 10, Coef: 10
