Round: 1, Attack Type: Statistical Attack, Error: 0, Time: 0.08847999572753906, NFound: 5, Coef: 8
Round: 2, Attack Type: Statistical Attack, Error: 0, Time: 0.09319210052490234, NFound: 10, Coef: 10
