Round: 1, Attack Type: Statistical Attack, Error: 0, Time: 0.09607815742492676, NFound: 5, Coef: 8
Round: 2, Attack Type: Statistical Attack, Error: 0, Time: 0.10595417022705078, NFound: 10, Coef: 10
