Round: 1, Attack Type: Statistical Attack, Error: 0, Time: 0.08160281181335449, NFound: 5, Coef: 8
Round: 2, Attack Type: Statistical Attack, Error: 0, Time: 0.0782630443572998, NFound: 10, Coef: 10
