Round: 1, Attack Type: Statistical Attack, Error: 0, Time: 0.07452106475830078, NFound: 10, Coef: 10
Round: 2, Attack Type: Statistical Attack, Error: 0, Time: 0.08386516571044922, NFound: 10, Coef: 10
