Round: 1, Attack Type: Statistical Attack, Error: 0, Time: 0.0805821418762207, NFound: 10, Coef: 10
Round: 2, Attack Type: Statistical Attack, Error: 0, Time: 0.07646322250366211, NFound: 10, Coef: 10
