Round: 1, Attack Type: Statistical Attack, Error: 0, Time: 0.0960838794708252, NFound: 10, Coef: 10
Round: 2, Attack Type: Statistical Attack, Error: 0, Time: 0.12073707580566406, NFound: 10, Coef: 10
