Round: 1, Attack Type: Statistical Attack, Error: 0, Time: 0.07168936729431152, NFound: 5, Coef: 8
Round: 2, Attack Type: Statistical Attack, Error: 0, Time: 0.07665205001831055, NFound: 10, Coef: 10
