Round: 1, Attack Type: Statistical Attack, Error: 0, Time: 0.07041287422180176, NFound: 5, Coef: 8
Round: 2, Attack Type: Statistical Attack, Error: 0, Time: 0.07508492469787598, NFound: 10, Coef: 10
