Round: 1, Attack Type: Statistical Attack, Error: 0, Time: 0.08164119720458984, NFound: 5, Coef: 8
Round: 2, Attack Type: Statistical Attack, Error: 0, Time: 0.08715486526489258, NFound: 10, Coef: 10
