Round: 1, Attack Type: Statistical Attack, Error: 0, Time: 0.07468605041503906, NFound: 5, Coef: 8
Round: 2, Attack Type: Statistical Attack, Error: 0, Time: 0.0807948112487793, NFound: 10, Coef: 10
