Round: 1, Attack Type: Statistical Attack, Error: 0, Time: 0.07448983192443848, NFound: 5, Coef: 8
Round: 2, Attack Type: Statistical Attack, Error: 0, Time: 0.0848381519317627, NFound: 10, Coef: 10
