Round: 1, Attack Type: Statistical Attack, Error: 0, Time: 0.07976818084716797, NFound: 5, Coef: 8
Round: 2, Attack Type: Statistical Attack, Error: 0, Time: 0.0865027904510498, NFound: 10, Coef: 10
