Round: 1, Attack Type: Statistical Attack, Error: 0, Time: 0.08902096748352051, NFound: 5, Coef: 8
Round: 2, Attack Type: Statistical Attack, Error: 0, Time: 0.10250377655029297, NFound: 10, Coef: 10
