Round: 1, Attack Type: Statistical Attack, Error: 0, Time: 0.07616615295410156, NFound: 9, Coef: 8
Round: 2, Attack Type: Statistical Attack, Error: 0, Time: 0.08405709266662598, NFound: 10, Coef: 10
