Round: 1, Attack Type: Statistical Attack, Error: 0, Time: 0.0768728256225586, NFound: 9, Coef: 8
Round: 2, Attack Type: Statistical Attack, Error: 0, Time: 0.08970427513122559, NFound: 10, Coef: 10
