Round: 1, Attack Type: Statistical Attack, Error: 0, Time: 0.07726120948791504, NFound: 10, Coef: 10
Round: 2, Attack Type: Statistical Attack, Error: 0, Time: 0.07979011535644531, NFound: 10, Coef: 10
