Round: 1, Attack Type: Statistical Attack, Error: 0, Time: 0.09197115898132324, NFound: 5, Coef: 8
Round: 2, Attack Type: Statistical Attack, Error: 0, Time: 0.09355592727661133, NFound: 10, Coef: 10
