Round: 1, Attack Type: Statistical Attack, Error: 0, Time: 0.07419085502624512, NFound: 5, Coef: 8
Round: 2, Attack Type: Statistical Attack, Error: 0, Time: 0.08585906028747559, NFound: 10, Coef: 10
