Round: 1, Attack Type: Statistical Attack, Error: 0, Time: 0.09724903106689453, NFound: 5, Coef: 8
Round: 2, Attack Type: Statistical Attack, Error: 0, Time: 0.10243010520935059, NFound: 10, Coef: 10
