Round: 1, Attack Type: Statistical Attack, Error: 0, Time: 0.07910871505737305, NFound: 5, Coef: 8
Round: 2, Attack Type: Statistical Attack, Error: 0, Time: 0.08562803268432617, NFound: 10, Coef: 10
