Round: 1, Attack Type: Statistical Attack, Error: 0, Time: 0.06982088088989258, NFound: 5, Coef: 8
Round: 2, Attack Type: Statistical Attack, Error: 0, Time: 0.07994413375854492, NFound: 10, Coef: 10
