Round: 1, Attack Type: Statistical Attack, Error: 0, Time: 0.08740830421447754, NFound: 10, Coef: 10
Round: 2, Attack Type: Statistical Attack, Error: 0, Time: 0.09434294700622559, NFound: 10, Coef: 10
