Round: 1, Attack Type: Statistical Attack, Error: 0, Time: 0.10805606842041016, NFound: 5, Coef: 8
Round: 2, Attack Type: Statistical Attack, Error: 0, Time: 0.13010215759277344, NFound: 10, Coef: 10
