Round: 1, Attack Type: Statistical Attack, Error: 0, Time: 0.10331392288208008, NFound: 5, Coef: 8
Round: 2, Attack Type: Statistical Attack, Error: 0, Time: 0.11043095588684082, NFound: 10, Coef: 10
