Round: 1, Attack Type: Statistical Attack, Error: 0, Time: 0.06810498237609863, NFound: 5, Coef: 8
Round: 2, Attack Type: Statistical Attack, Error: 0, Time: 0.08049941062927246, NFound: 10, Coef: 10
