Round: 1, Attack Type: Statistical Attack, Error: 0, Time: 0.07335615158081055, NFound: 5, Coef: 8
Round: 2, Attack Type: Statistical Attack, Error: 0, Time: 0.08173990249633789, NFound: 10, Coef: 10
