Round: 1, Attack Type: Statistical Attack, Error: 0, Time: 0.09065699577331543, NFound: 10, Coef: 10
Round: 2, Attack Type: Statistical Attack, Error: 0, Time: 0.08429598808288574, NFound: 10, Coef: 10
