Round: 1, Attack Type: Statistical Attack, Error: 0, Time: 0.07754707336425781, NFound: 5, Coef: 8
Round: 2, Attack Type: Statistical Attack, Error: 0, Time: 0.08496809005737305, NFound: 10, Coef: 10
