Round: 1, Attack Type: Statistical Attack, Error: 0, Time: 0.08876490592956543, NFound: 10, Coef: 10
Round: 2, Attack Type: Statistical Attack, Error: 0, Time: 0.08011579513549805, NFound: 10, Coef: 10
