Round: 1, Attack Type: Statistical Attack, Error: 0, Time: 0.07383513450622559, NFound: 10, Coef: 10
Round: 2, Attack Type: Statistical Attack, Error: 0, Time: 0.09246206283569336, NFound: 10, Coef: 10
