Round: 1, Attack Type: Statistical Attack, Error: 0, Time: 0.08006596565246582, NFound: 9, Coef: 9
Round: 2, Attack Type: Statistical Attack, Error: 0, Time: 0.08644294738769531, NFound: 10, Coef: 10
