Round: 1, Attack Type: Statistical Attack, Error: 0, Time: 0.07289910316467285, NFound: 10, Coef: 10
Round: 2, Attack Type: Statistical Attack, Error: 0, Time: 0.08045601844787598, NFound: 10, Coef: 10
