Round: 1, Attack Type: Statistical Attack, Error: 0, Time: 0.07069206237792969, NFound: 10, Coef: 10
Round: 2, Attack Type: Statistical Attack, Error: 0, Time: 0.08242917060852051, NFound: 10, Coef: 10
