Round: 1, Attack Type: Statistical Attack, Error: 0, Time: 0.10166501998901367, NFound: 5, Coef: 8
Round: 2, Attack Type: Statistical Attack, Error: 0, Time: 0.11622118949890137, NFound: 10, Coef: 10
