Round: 1, Attack Type: Statistical Attack, Error: 0, Time: 0.10658097267150879, NFound: 5, Coef: 8
Round: 2, Attack Type: Statistical Attack, Error: 0, Time: 0.12066197395324707, NFound: 10, Coef: 10
