Round: 1, Attack Type: Statistical Attack, Error: 0, Time: 0.10985112190246582, NFound: 5, Coef: 8
Round: 2, Attack Type: Statistical Attack, Error: 0, Time: 0.11995387077331543, NFound: 10, Coef: 10
