Round: 1, Attack Type: Statistical Attack, Error: 0, Time: 0.07042217254638672, NFound: 9, Coef: 9
Round: 2, Attack Type: Statistical Attack, Error: 0, Time: 0.0802152156829834, NFound: 10, Coef: 10
