Round: 1, Attack Type: Statistical Attack, Error: 0, Time: 0.0958409309387207, NFound: 5, Coef: 8
Round: 2, Attack Type: Statistical Attack, Error: 0, Time: 0.09873199462890625, NFound: 10, Coef: 10
