Round: 1, Attack Type: Statistical Attack, Error: 0, Time: 0.09197402000427246, NFound: 5, Coef: 8
Round: 2, Attack Type: Statistical Attack, Error: 0, Time: 0.08029007911682129, NFound: 10, Coef: 10
