Round: 1, Attack Type: Statistical Attack, Error: 0, Time: 0.06891083717346191, NFound: 10, Coef: 10
Round: 2, Attack Type: Statistical Attack, Error: 0, Time: 0.0848703384399414, NFound: 10, Coef: 10
