Round: 1, Attack Type: Statistical Attack, Error: 0, Time: 0.0844573974609375, NFound: 5, Coef: 8
Round: 2, Attack Type: Statistical Attack, Error: 0, Time: 0.0835108757019043, NFound: 10, Coef: 10
