Round: 1, Attack Type: Statistical Attack, Error: 0, Time: 0.07719278335571289, NFound: 10, Coef: 10
Round: 2, Attack Type: Statistical Attack, Error: 0, Time: 0.09640312194824219, NFound: 10, Coef: 10
