Round: 1, Attack Type: Statistical Attack, Error: 0, Time: 0.06913995742797852, NFound: 5, Coef: 8
Round: 2, Attack Type: Statistical Attack, Error: 0, Time: 0.07897710800170898, NFound: 10, Coef: 10
