Round: 1, Attack Type: Statistical Attack, Error: 0, Time: 0.07678890228271484, NFound: 5, Coef: 8
Round: 2, Attack Type: Statistical Attack, Error: 0, Time: 0.08617782592773438, NFound: 10, Coef: 10
