Round: 1, Attack Type: Statistical Attack, Error: 0, Time: 0.07342290878295898, NFound: 10, Coef: 10
Round: 2, Attack Type: Statistical Attack, Error: 0, Time: 0.08858299255371094, NFound: 10, Coef: 10
