Round: 1, Attack Type: Statistical Attack, Error: 0, Time: 0.08268499374389648, NFound: 5, Coef: 8
Round: 2, Attack Type: Statistical Attack, Error: 0, Time: 0.08333897590637207, NFound: 10, Coef: 10
