Round: 1, Attack Type: Statistical Attack, Error: 0, Time: 0.09551620483398438, NFound: 5, Coef: 8
Round: 2, Attack Type: Statistical Attack, Error: 0, Time: 0.1007089614868164, NFound: 10, Coef: 10
