Round: 1, Attack Type: Statistical Attack, Error: 0, Time: 0.07435107231140137, NFound: 10, Coef: 10
Round: 2, Attack Type: Statistical Attack, Error: 0, Time: 0.07872223854064941, NFound: 10, Coef: 10
