Round: 1, Attack Type: Statistical Attack, Error: 0, Time: 0.06256914138793945, NFound: 10, Coef: 10
Round: 2, Attack Type: Statistical Attack, Error: 0, Time: 0.07197117805480957, NFound: 10, Coef: 10
