Round: 1, Attack Type: Statistical Attack, Error: 0, Time: 0.07628893852233887, NFound: 10, Coef: 10
Round: 2, Attack Type: Statistical Attack, Error: 0, Time: 0.08147788047790527, NFound: 10, Coef: 10
