Round: 1, Attack Type: Statistical Attack, Error: 0, Time: 0.06867289543151855, NFound: 5, Coef: 8
Round: 2, Attack Type: Statistical Attack, Error: 0, Time: 0.0716557502746582, NFound: 10, Coef: 10
