Round: 1, Attack Type: Statistical Attack, Error: 0, Time: 0.08229494094848633, NFound: 10, Coef: 10
Round: 2, Attack Type: Statistical Attack, Error: 0, Time: 0.08900976181030273, NFound: 10, Coef: 10
