Round: 1, Attack Type: Statistical Attack, Error: 0, Time: 0.06378698348999023, NFound: 10, Coef: 10
Round: 2, Attack Type: Statistical Attack, Error: 0, Time: 0.0677649974822998, NFound: 10, Coef: 10
