Round: 1, Attack Type: Statistical Attack, Error: 0, Time: 0.07756590843200684, NFound: 10, Coef: 10
Round: 2, Attack Type: Statistical Attack, Error: 0, Time: 0.08349084854125977, NFound: 10, Coef: 10
