Round: 1, Attack Type: Statistical Attack, Error: 0, Time: 0.07132601737976074, NFound: 10, Coef: 10
Round: 2, Attack Type: Statistical Attack, Error: 0, Time: 0.07681632041931152, NFound: 10, Coef: 10
