Round: 1, Attack Type: Statistical Attack, Error: 0, Time: 0.08171701431274414, NFound: 5, Coef: 8
Round: 2, Attack Type: Statistical Attack, Error: 0, Time: 0.0921621322631836, NFound: 9, Coef: 8
