Round: 1, Attack Type: Statistical Attack, Error: 0, Time: 0.07449507713317871, NFound: 10, Coef: 10
Round: 2, Attack Type: Statistical Attack, Error: 0, Time: 0.07838582992553711, NFound: 10, Coef: 10
