Round: 1, Attack Type: Statistical Attack, Error: 0, Time: 0.07726311683654785, NFound: 10, Coef: 10
Round: 2, Attack Type: Statistical Attack, Error: 0, Time: 0.07799792289733887, NFound: 10, Coef: 10
