Round: 1, Attack Type: Statistical Attack, Error: 0, Time: 0.09728479385375977, NFound: 5, Coef: 8
Round: 2, Attack Type: Statistical Attack, Error: 0, Time: 0.11300182342529297, NFound: 10, Coef: 10
