Round: 1, Attack Type: Statistical Attack, Error: 0, Time: 0.07718086242675781, NFound: 10, Coef: 10
Round: 2, Attack Type: Statistical Attack, Error: 0, Time: 0.07491898536682129, NFound: 10, Coef: 10
