Round: 1, Attack Type: Statistical Attack, Error: 0, Time: 0.07795095443725586, NFound: 5, Coef: 8
Round: 2, Attack Type: Statistical Attack, Error: 0, Time: 0.08401727676391602, NFound: 10, Coef: 10
