Round: 1, Attack Type: Statistical Attack, Error: 0, Time: 0.05896806716918945, NFound: 10, Coef: 10
Round: 2, Attack Type: Statistical Attack, Error: 0, Time: 0.06376981735229492, NFound: 10, Coef: 10
