Round: 1, Attack Type: Statistical Attack, Error: 0, Time: 0.0707390308380127, NFound: 10, Coef: 10
Round: 2, Attack Type: Statistical Attack, Error: 0, Time: 0.0766298770904541, NFound: 10, Coef: 10
