Round: 1, Attack Type: Statistical Attack, Error: 0, Time: 0.07654595375061035, NFound: 5, Coef: 8
Round: 2, Attack Type: Statistical Attack, Error: 0, Time: 0.08290505409240723, NFound: 10, Coef: 10
