Round: 1, Attack Type: Statistical Attack, Error: 0, Time: 0.09470987319946289, NFound: 5, Coef: 8
Round: 2, Attack Type: Statistical Attack, Error: 0, Time: 0.09653401374816895, NFound: 10, Coef: 10
