Round: 1, Attack Type: Statistical Attack, Error: 0, Time: 0.09985685348510742, NFound: 5, Coef: 8
Round: 2, Attack Type: Statistical Attack, Error: 0, Time: 0.09082388877868652, NFound: 10, Coef: 10
