Round: 1, Attack Type: Statistical Attack, Error: 0, Time: 0.07792806625366211, NFound: 5, Coef: 8
Round: 2, Attack Type: Statistical Attack, Error: 0, Time: 0.07577013969421387, NFound: 10, Coef: 10
