Round: 1, Attack Type: Statistical Attack, Error: 0, Time: 0.07689881324768066, NFound: 5, Coef: 8
Round: 2, Attack Type: Statistical Attack, Error: 0, Time: 0.08077883720397949, NFound: 10, Coef: 10
