Round: 1, Attack Type: Statistical Attack, Error: 0, Time: 0.11252808570861816, NFound: 5, Coef: 8
Round: 2, Attack Type: Statistical Attack, Error: 0, Time: 0.11863899230957031, NFound: 10, Coef: 10
