Round: 1, Attack Type: Statistical Attack, Error: 0, Time: 0.08246421813964844, NFound: 5, Coef: 8
Round: 2, Attack Type: Statistical Attack, Error: 0, Time: 0.07646012306213379, NFound: 10, Coef: 10
