Round: 1, Attack Type: Statistical Attack, Error: 0, Time: 0.0623931884765625, NFound: 10, Coef: 10
Round: 2, Attack Type: Statistical Attack, Error: 0, Time: 0.06694984436035156, NFound: 10, Coef: 10
