Round: 1, Attack Type: Statistical Attack, Error: 0, Time: 0.0606541633605957, NFound: 5, Coef: 8
Round: 2, Attack Type: Statistical Attack, Error: 0, Time: 0.06289029121398926, NFound: 10, Coef: 10
