Round: 1, Attack Type: Statistical Attack, Error: 0, Time: 0.08394598960876465, NFound: 5, Coef: 8
Round: 2, Attack Type: Statistical Attack, Error: 0, Time: 0.08314228057861328, NFound: 10, Coef: 10
