Round: 1, Attack Type: Statistical Attack, Error: 0, Time: 0.10550713539123535, NFound: 5, Coef: 8
Round: 2, Attack Type: Statistical Attack, Error: 0, Time: 0.1804959774017334, NFound: 10, Coef: 10
