Round: 1, Attack Type: Statistical Attack, Error: 0, Time: 0.07735705375671387, NFound: 5, Coef: 8
Round: 2, Attack Type: Statistical Attack, Error: 0, Time: 0.08285379409790039, NFound: 10, Coef: 10
