Round: 1, Attack Type: Statistical Attack, Error: 0, Time: 0.10520386695861816, NFound: 5, Coef: 8
Round: 2, Attack Type: Statistical Attack, Error: 0, Time: 0.11442422866821289, NFound: 10, Coef: 10
