Round: 1, Attack Type: Statistical Attack, Error: 0, Time: 0.06868886947631836, NFound: 5, Coef: 8
Round: 2, Attack Type: Statistical Attack, Error: 0, Time: 0.06653332710266113, NFound: 10, Coef: 10
