Round: 1, Attack Type: Statistical Attack, Error: 0, Time: 0.08042502403259277, NFound: 10, Coef: 10
Round: 2, Attack Type: Statistical Attack, Error: 0, Time: 0.07702898979187012, NFound: 10, Coef: 10
