Round: 1, Attack Type: Statistical Attack, Error: 0, Time: 0.07717609405517578, NFound: 5, Coef: 8
Round: 2, Attack Type: Statistical Attack, Error: 0, Time: 0.07828497886657715, NFound: 10, Coef: 10
