Round: 1, Attack Type: Statistical Attack, Error: 0, Time: 0.08581781387329102, NFound: 10, Coef: 10
Round: 2, Attack Type: Statistical Attack, Error: 0, Time: 0.09466385841369629, NFound: 10, Coef: 10
