Round: 1, Attack Type: Statistical Attack, Error: 0, Time: 0.08074617385864258, NFound: 5, Coef: 8
Round: 2, Attack Type: Statistical Attack, Error: 0, Time: 0.09754705429077148, NFound: 10, Coef: 10
