Round: 1, Attack Type: Statistical Attack, Error: 0, Time: 0.09476184844970703, NFound: 10, Coef: 10
Round: 2, Attack Type: Statistical Attack, Error: 0, Time: 0.10991168022155762, NFound: 10, Coef: 10
