Round: 1, Attack Type: Statistical Attack, Error: 0, Time: 0.08008813858032227, NFound: 5, Coef: 8
Round: 2, Attack Type: Statistical Attack, Error: 0, Time: 0.08810019493103027, NFound: 10, Coef: 10
