Round: 1, Attack Type: Statistical Attack, Error: 0, Time: 0.07037806510925293, NFound: 10, Coef: 10
Round: 2, Attack Type: Statistical Attack, Error: 0, Time: 0.08066582679748535, NFound: 10, Coef: 10
