Round: 1, Attack Type: Statistical Attack, Error: 0, Time: 0.08324098587036133, NFound: 5, Coef: 8
Round: 2, Attack Type: Statistical Attack, Error: 0, Time: 0.08630108833312988, NFound: 10, Coef: 10
