Round: 1, Attack Type: Statistical Attack, Error: 0, Time: 0.06388187408447266, NFound: 10, Coef: 10
Round: 2, Attack Type: Statistical Attack, Error: 0, Time: 0.0670630931854248, NFound: 10, Coef: 10
