Round: 1, Attack Type: Statistical Attack, Error: 0, Time: 0.08645105361938477, NFound: 5, Coef: 8
Round: 2, Attack Type: Statistical Attack, Error: 0, Time: 0.09835505485534668, NFound: 10, Coef: 10
