Round: 1, Attack Type: Statistical Attack, Error: 0, Time: 0.08052372932434082, NFound: 10, Coef: 10
Round: 2, Attack Type: Statistical Attack, Error: 0, Time: 0.08852791786193848, NFound: 10, Coef: 10
