Round: 1, Attack Type: Statistical Attack, Error: 0, Time: 0.0928959846496582, NFound: 5, Coef: 8
Round: 2, Attack Type: Statistical Attack, Error: 0, Time: 0.09819984436035156, NFound: 10, Coef: 10
