Round: 1, Attack Type: Statistical Attack, Error: 0, Time: 0.09582114219665527, NFound: 5, Coef: 8
Round: 2, Attack Type: Statistical Attack, Error: 0, Time: 0.10425066947937012, NFound: 10, Coef: 10
