Round: 1, Attack Type: Statistical Attack, Error: 0, Time: 0.09038496017456055, NFound: 5, Coef: 8
Round: 2, Attack Type: Statistical Attack, Error: 0, Time: 0.09805417060852051, NFound: 10, Coef: 10
