Round: 1, Attack Type: Statistical Attack, Error: 0, Time: 0.10002017021179199, NFound: 5, Coef: 8
Round: 2, Attack Type: Statistical Attack, Error: 0, Time: 0.10195398330688477, NFound: 10, Coef: 10
