Round: 1, Attack Type: Statistical Attack, Error: 0, Time: 0.07422995567321777, NFound: 5, Coef: 8
Round: 2, Attack Type: Statistical Attack, Error: 0, Time: 0.08049416542053223, NFound: 10, Coef: 10
