Round: 1, Attack Type: Statistical Attack, Error: 0, Time: 0.07399582862854004, NFound: 5, Coef: 8
Round: 2, Attack Type: Statistical Attack, Error: 0, Time: 0.07983899116516113, NFound: 10, Coef: 10
