Round: 1, Attack Type: Statistical Attack, Error: 0, Time: 0.0915367603302002, NFound: 10, Coef: 10
Round: 2, Attack Type: Statistical Attack, Error: 0, Time: 0.0875551700592041, NFound: 10, Coef: 10
