Round: 1, Attack Type: Statistical Attack, Error: 0, Time: 0.08747601509094238, NFound: 5, Coef: 8
Round: 2, Attack Type: Statistical Attack, Error: 0, Time: 0.09768986701965332, NFound: 10, Coef: 10
