Round: 1, Attack Type: Statistical Attack, Error: 0, Time: 0.07881903648376465, NFound: 5, Coef: 8
Round: 2, Attack Type: Statistical Attack, Error: 0, Time: 0.08531904220581055, NFound: 10, Coef: 10
