Round: 1, Attack Type: Statistical Attack, Error: 0, Time: 0.08047223091125488, NFound: 5, Coef: 8
Round: 2, Attack Type: Statistical Attack, Error: 0, Time: 0.07682609558105469, NFound: 10, Coef: 10
