Round: 1, Attack Type: Statistical Attack, Error: 0, Time: 0.06738591194152832, NFound: 9, Coef: 8
Round: 2, Attack Type: Statistical Attack, Error: 0, Time: 0.06513476371765137, NFound: 10, Coef: 10
