Round: 1, Attack Type: Statistical Attack, Error: 0, Time: 0.10207200050354004, NFound: 10, Coef: 10
Round: 2, Attack Type: Statistical Attack, Error: 0, Time: 0.11540412902832031, NFound: 10, Coef: 10
