Round: 1, Attack Type: Statistical Attack, Error: 0, Time: 0.13609695434570312, NFound: 9, Coef: 8
Round: 2, Attack Type: Statistical Attack, Error: 0, Time: 0.13872098922729492, NFound: 10, Coef: 10
