Round: 1, Attack Type: Statistical Attack, Error: 0, Time: 0.09931588172912598, NFound: 9, Coef: 8
Round: 2, Attack Type: Statistical Attack, Error: 0, Time: 0.1090848445892334, NFound: 10, Coef: 10
