Round: 1, Attack Type: Statistical Attack, Error: 0, Time: 0.07530784606933594, NFound: 5, Coef: 8
Round: 2, Attack Type: Statistical Attack, Error: 0, Time: 0.08616423606872559, NFound: 9, Coef: 8
