Round: 1, Attack Type: Statistical Attack, Error: 0, Time: 0.0856468677520752, NFound: 5, Coef: 8
Round: 2, Attack Type: Statistical Attack, Error: 0, Time: 0.08222103118896484, NFound: 10, Coef: 10
