Round: 1, Attack Type: Statistical Attack, Error: 0, Time: 0.15900015830993652, NFound: 5, Coef: 8
Round: 2, Attack Type: Statistical Attack, Error: 0, Time: 0.13698601722717285, NFound: 10, Coef: 10
