Round: 1, Attack Type: Statistical Attack, Error: 0, Time: 0.07582783699035645, NFound: 5, Coef: 8
Round: 2, Attack Type: Statistical Attack, Error: 0, Time: 0.0835418701171875, NFound: 10, Coef: 10
