Round: 1, Attack Type: Statistical Attack, Error: 0, Time: 0.075286865234375, NFound: 5, Coef: 8
Round: 2, Attack Type: Statistical Attack, Error: 0, Time: 0.08192610740661621, NFound: 10, Coef: 10
