Round: 1, Attack Type: Statistical Attack, Error: 0, Time: 0.09461092948913574, NFound: 5, Coef: 8
Round: 2, Attack Type: Statistical Attack, Error: 0, Time: 0.08606886863708496, NFound: 10, Coef: 10
