Round: 1, Attack Type: Statistical Attack, Error: 0, Time: 0.09321880340576172, NFound: 10, Coef: 10
Round: 2, Attack Type: Statistical Attack, Error: 0, Time: 0.12436294555664062, NFound: 9, Coef: 8
