Round: 1, Attack Type: Statistical Attack, Error: 0, Time: 0.07218694686889648, NFound: 5, Coef: 8
Round: 2, Attack Type: Statistical Attack, Error: 0, Time: 0.0830388069152832, NFound: 10, Coef: 10
