Round: 1, Attack Type: Statistical Attack, Error: 0, Time: 0.10887908935546875, NFound: 10, Coef: 10
Round: 2, Attack Type: Statistical Attack, Error: 0, Time: 0.11657118797302246, NFound: 10, Coef: 10
