Round: 1, Attack Type: Statistical Attack, Error: 0, Time: 0.0856637954711914, NFound: 10, Coef: 10
Round: 2, Attack Type: Statistical Attack, Error: 0, Time: 0.1034250259399414, NFound: 10, Coef: 10
