Round: 1, Attack Type: Statistical Attack, Error: 0, Time: 0.09289312362670898, NFound: 10, Coef: 10
Round: 2, Attack Type: Statistical Attack, Error: 0, Time: 0.10447573661804199, NFound: 10, Coef: 10
