Round: 1, Attack Type: Statistical Attack, Error: 0, Time: 0.09697413444519043, NFound: 5, Coef: 8
Round: 2, Attack Type: Statistical Attack, Error: 0, Time: 0.11406111717224121, NFound: 10, Coef: 10
