Round: 1, Attack Type: Statistical Attack, Error: 0, Time: 0.06931495666503906, NFound: 10, Coef: 10
Round: 2, Attack Type: Statistical Attack, Error: 0, Time: 0.07692193984985352, NFound: 10, Coef: 10
