Round: 1, Attack Type: Statistical Attack, Error: 0, Time: 0.0723428726196289, NFound: 10, Coef: 10
Round: 2, Attack Type: Statistical Attack, Error: 0, Time: 0.0801699161529541, NFound: 10, Coef: 10
