Round: 1, Attack Type: Statistical Attack, Error: 0, Time: 0.09856581687927246, NFound: 10, Coef: 10
Round: 2, Attack Type: Statistical Attack, Error: 0, Time: 0.11062908172607422, NFound: 10, Coef: 10
