Round: 1, Attack Type: Statistical Attack, Error: 0, Time: 0.07922196388244629, NFound: 10, Coef: 10
Round: 2, Attack Type: Statistical Attack, Error: 0, Time: 0.08995985984802246, NFound: 10, Coef: 10
