Round: 1, Attack Type: Statistical Attack, Error: 0, Time: 0.07735586166381836, NFound: 5, Coef: 8
Round: 2, Attack Type: Statistical Attack, Error: 0, Time: 0.09419012069702148, NFound: 10, Coef: 10
