Round: 1, Attack Type: Statistical Attack, Error: 0, Time: 0.09327101707458496, NFound: 10, Coef: 10
Round: 2, Attack Type: Statistical Attack, Error: 0, Time: 0.09139490127563477, NFound: 10, Coef: 10
