Round: 1, Attack Type: Statistical Attack, Error: 0, Time: 0.07678484916687012, NFound: 10, Coef: 10
Round: 2, Attack Type: Statistical Attack, Error: 0, Time: 0.09224081039428711, NFound: 10, Coef: 10
