Round: 1, Attack Type: Statistical Attack, Error: 0, Time: 0.07759594917297363, NFound: 5, Coef: 8
Round: 2, Attack Type: Statistical Attack, Error: 0, Time: 0.08948230743408203, NFound: 9, Coef: 8
