Round: 1, Attack Type: Statistical Attack, Error: 0, Time: 0.08011507987976074, NFound: 5, Coef: 8
Round: 2, Attack Type: Statistical Attack, Error: 0, Time: 0.0812828540802002, NFound: 10, Coef: 10
