Round: 1, Attack Type: Statistical Attack, Error: 0, Time: 0.08437705039978027, NFound: 10, Coef: 10
Round: 2, Attack Type: Statistical Attack, Error: 0, Time: 0.08919811248779297, NFound: 10, Coef: 10
