Round: 1, Attack Type: Statistical Attack, Error: 0, Time: 0.09661102294921875, NFound: 5, Coef: 8
Round: 2, Attack Type: Statistical Attack, Error: 0, Time: 0.12410593032836914, NFound: 9, Coef: 8
