Round: 1, Attack Type: Statistical Attack, Error: 0, Time: 0.06760120391845703, NFound: 10, Coef: 10
Round: 2, Attack Type: Statistical Attack, Error: 0, Time: 0.08222222328186035, NFound: 10, Coef: 10
