Round: 1, Attack Type: Statistical Attack, Error: 0, Time: 0.07992100715637207, NFound: 5, Coef: 8
Round: 2, Attack Type: Statistical Attack, Error: 0, Time: 0.07923722267150879, NFound: 10, Coef: 10
