Round: 1, Attack Type: Statistical Attack, Error: 0, Time: 0.10513496398925781, NFound: 10, Coef: 10
Round: 2, Attack Type: Statistical Attack, Error: 0, Time: 0.09767413139343262, NFound: 10, Coef: 10
