Round: 1, Attack Type: Statistical Attack, Error: 0, Time: 0.10010290145874023, NFound: 5, Coef: 8
Round: 2, Attack Type: Statistical Attack, Error: 0, Time: 0.10617208480834961, NFound: 10, Coef: 10
