Round: 1, Attack Type: Statistical Attack, Error: 0, Time: 0.07846498489379883, NFound: 5, Coef: 8
Round: 2, Attack Type: Statistical Attack, Error: 0, Time: 0.08105111122131348, NFound: 10, Coef: 10
