Round: 1, Attack Type: Statistical Attack, Error: 0, Time: 0.08069396018981934, NFound: 5, Coef: 8
Round: 2, Attack Type: Statistical Attack, Error: 0, Time: 0.08606481552124023, NFound: 10, Coef: 10
