Round: 1, Attack Type: Statistical Attack, Error: 0, Time: 0.06880807876586914, NFound: 10, Coef: 10
Round: 2, Attack Type: Statistical Attack, Error: 0, Time: 0.08210420608520508, NFound: 10, Coef: 10
