Round: 1, Attack Type: Statistical Attack, Error: 0, Time: 0.059564828872680664, NFound: 5, Coef: 8
Round: 2, Attack Type: Statistical Attack, Error: 0, Time: 0.06663393974304199, NFound: 10, Coef: 10
