Round: 1, Attack Type: Statistical Attack, Error: 0, Time: 0.12030792236328125, NFound: 5, Coef: 8
Round: 2, Attack Type: Statistical Attack, Error: 0, Time: 0.10573983192443848, NFound: 10, Coef: 10
