Round: 1, Attack Type: Statistical Attack, Error: 0, Time: 0.06519484519958496, NFound: 5, Coef: 8
Round: 2, Attack Type: Statistical Attack, Error: 0, Time: 0.06817889213562012, NFound: 10, Coef: 10
