Round: 1, Attack Type: Statistical Attack, Error: 0, Time: 0.07389497756958008, NFound: 10, Coef: 10
Round: 2, Attack Type: Statistical Attack, Error: 0, Time: 0.08913683891296387, NFound: 10, Coef: 10
