Round: 1, Attack Type: Statistical Attack, Error: 0, Time: 0.06855130195617676, NFound: 10, Coef: 10
Round: 2, Attack Type: Statistical Attack, Error: 0, Time: 0.07914614677429199, NFound: 10, Coef: 10
