Round: 1, Attack Type: Statistical Attack, Error: 0, Time: 0.08500409126281738, NFound: 5, Coef: 8
Round: 2, Attack Type: Statistical Attack, Error: 0, Time: 0.08151006698608398, NFound: 10, Coef: 10
