Round: 1, Attack Type: Statistical Attack, Error: 0, Time: 0.08508086204528809, NFound: 5, Coef: 8
Round: 2, Attack Type: Statistical Attack, Error: 0, Time: 0.08000302314758301, NFound: 10, Coef: 10
