Round: 1, Attack Type: Statistical Attack, Error: 0, Time: 0.07626795768737793, NFound: 10, Coef: 10
Round: 2, Attack Type: Statistical Attack, Error: 0, Time: 0.08734917640686035, NFound: 10, Coef: 10
