Round: 1, Attack Type: Statistical Attack, Error: 0, Time: 0.07846307754516602, NFound: 10, Coef: 10
Round: 2, Attack Type: Statistical Attack, Error: 0, Time: 0.07612013816833496, NFound: 10, Coef: 10
