Round: 1, Attack Type: Statistical Attack, Error: 0, Time: 0.06750917434692383, NFound: 10, Coef: 10
Round: 2, Attack Type: Statistical Attack, Error: 0, Time: 0.0839991569519043, NFound: 10, Coef: 10
