Round: 1, Attack Type: Statistical Attack, Error: 0, Time: 0.10486197471618652, NFound: 10, Coef: 10
Round: 2, Attack Type: Statistical Attack, Error: 0, Time: 0.11493802070617676, NFound: 10, Coef: 10
