Round: 1, Attack Type: Statistical Attack, Error: 0, Time: 0.09583210945129395, NFound: 10, Coef: 10
Round: 2, Attack Type: Statistical Attack, Error: 0, Time: 0.11244511604309082, NFound: 10, Coef: 10
