Round: 1, Attack Type: Statistical Attack, Error: 0, Time: 0.06136894226074219, NFound: 10, Coef: 10
Round: 2, Attack Type: Statistical Attack, Error: 0, Time: 0.06668877601623535, NFound: 10, Coef: 10
