Round: 1, Attack Type: Statistical Attack, Error: 0, Time: 0.07388901710510254, NFound: 5, Coef: 8
Round: 2, Attack Type: Statistical Attack, Error: 0, Time: 0.08969497680664062, NFound: 10, Coef: 10
