Round: 1, Attack Type: Statistical Attack, Error: 0, Time: 0.08298182487487793, NFound: 10, Coef: 10
Round: 2, Attack Type: Statistical Attack, Error: 0, Time: 0.08408284187316895, NFound: 10, Coef: 10
