Round: 1, Attack Type: Statistical Attack, Error: 0, Time: 0.07982969284057617, NFound: 5, Coef: 8
Round: 2, Attack Type: Statistical Attack, Error: 0, Time: 0.08411383628845215, NFound: 10, Coef: 10
