Round: 1, Attack Type: Statistical Attack, Error: 0, Time: 0.14352703094482422, NFound: 10, Coef: 10
Round: 2, Attack Type: Statistical Attack, Error: 0, Time: 0.12835192680358887, NFound: 10, Coef: 10
