Round: 1, Attack Type: Statistical Attack, Error: 0, Time: 0.09351396560668945, NFound: 10, Coef: 10
Round: 2, Attack Type: Statistical Attack, Error: 0, Time: 0.10557413101196289, NFound: 10, Coef: 10
