Round: 1, Attack Type: Statistical Attack, Error: 0, Time: 0.11268782615661621, NFound: 9, Coef: 8
Round: 2, Attack Type: Statistical Attack, Error: 0, Time: 0.11686396598815918, NFound: 10, Coef: 10
