Round: 1, Attack Type: Statistical Attack, Error: 0, Time: 0.06201004981994629, NFound: 5, Coef: 8
Round: 2, Attack Type: Statistical Attack, Error: 0, Time: 0.06430888175964355, NFound: 10, Coef: 10
