Round: 1, Attack Type: Statistical Attack, Error: 0, Time: 0.07710790634155273, NFound: 5, Coef: 8
Round: 2, Attack Type: Statistical Attack, Error: 0, Time: 0.07723689079284668, NFound: 10, Coef: 10
