Round: 1, Attack Type: Statistical Attack, Error: 0, Time: 0.05907607078552246, NFound: 10, Coef: 10
Round: 2, Attack Type: Statistical Attack, Error: 0, Time: 0.07113814353942871, NFound: 10, Coef: 10
