Round: 1, Attack Type: Statistical Attack, Error: 0, Time: 0.08003091812133789, NFound: 10, Coef: 10
Round: 2, Attack Type: Statistical Attack, Error: 0, Time: 0.07829809188842773, NFound: 10, Coef: 10
