Round: 1, Attack Type: Statistical Attack, Error: 0, Time: 0.06862187385559082, NFound: 10, Coef: 10
Round: 2, Attack Type: Statistical Attack, Error: 0, Time: 0.0826120376586914, NFound: 10, Coef: 10
