Round: 1, Attack Type: Statistical Attack, Error: 0, Time: 0.09071612358093262, NFound: 5, Coef: 8
Round: 2, Attack Type: Statistical Attack, Error: 0, Time: 0.09055829048156738, NFound: 10, Coef: 10
