Round: 1, Attack Type: Statistical Attack, Error: 0, Time: 0.09682106971740723, NFound: 5, Coef: 8
Round: 2, Attack Type: Statistical Attack, Error: 0, Time: 0.12314319610595703, NFound: 9, Coef: 8
