Round: 1, Attack Type: Statistical Attack, Error: 0, Time: 0.06115007400512695, NFound: 10, Coef: 10
Round: 2, Attack Type: Statistical Attack, Error: 0, Time: 0.06370806694030762, NFound: 10, Coef: 10
