Round: 1, Attack Type: Statistical Attack, Error: 0, Time: 0.058940887451171875, NFound: 5, Coef: 8
Round: 2, Attack Type: Statistical Attack, Error: 0, Time: 0.06485199928283691, NFound: 10, Coef: 10
