Round: 1, Attack Type: Statistical Attack, Error: 0, Time: 0.07409811019897461, NFound: 5, Coef: 8
Round: 2, Attack Type: Statistical Attack, Error: 0, Time: 0.08618593215942383, NFound: 10, Coef: 10
