Round: 1, Attack Type: Statistical Attack, Error: 0, Time: 0.0745699405670166, NFound: 5, Coef: 8
Round: 2, Attack Type: Statistical Attack, Error: 0, Time: 0.07750606536865234, NFound: 10, Coef: 10
