Round: 1, Attack Type: Statistical Attack, Error: 0, Time: 0.08699536323547363, NFound: 10, Coef: 10
Round: 2, Attack Type: Statistical Attack, Error: 0, Time: 0.08850789070129395, NFound: 10, Coef: 10
