Round: 1, Attack Type: Statistical Attack, Error: 0, Time: 0.0919950008392334, NFound: 5, Coef: 8
Round: 2, Attack Type: Statistical Attack, Error: 0, Time: 0.11472797393798828, NFound: 10, Coef: 10
