Round: 1, Attack Type: Statistical Attack, Error: 0, Time: 0.05852103233337402, NFound: 5, Coef: 8
Round: 2, Attack Type: Statistical Attack, Error: 0, Time: 0.06728196144104004, NFound: 10, Coef: 10
