Round: 1, Attack Type: Statistical Attack, Error: 0, Time: 0.10761523246765137, NFound: 10, Coef: 10
Round: 2, Attack Type: Statistical Attack, Error: 0, Time: 0.10402297973632812, NFound: 10, Coef: 10
