Round: 1, Attack Type: Statistical Attack, Error: 0, Time: 0.08231282234191895, NFound: 5, Coef: 8
Round: 2, Attack Type: Statistical Attack, Error: 0, Time: 0.07953906059265137, NFound: 10, Coef: 10
