Round: 1, Attack Type: Statistical Attack, Error: 0, Time: 0.08283615112304688, NFound: 10, Coef: 10
Round: 2, Attack Type: Statistical Attack, Error: 0, Time: 0.0957651138305664, NFound: 10, Coef: 10
