Round: 1, Attack Type: Statistical Attack, Error: 0, Time: 0.11453413963317871, NFound: 5, Coef: 8
Round: 2, Attack Type: Statistical Attack, Error: 0, Time: 0.1323561668395996, NFound: 10, Coef: 10
