Round: 1, Attack Type: Statistical Attack, Error: 0, Time: 0.07429194450378418, NFound: 5, Coef: 8
Round: 2, Attack Type: Statistical Attack, Error: 0, Time: 0.0800330638885498, NFound: 10, Coef: 10
