Round: 1, Attack Type: Statistical Attack, Error: 0, Time: 0.10683798789978027, NFound: 5, Coef: 8
Round: 2, Attack Type: Statistical Attack, Error: 0, Time: 0.10430216789245605, NFound: 10, Coef: 10
