Round: 1, Attack Type: Statistical Attack, Error: 0, Time: 0.06272387504577637, NFound: 5, Coef: 8
Round: 2, Attack Type: Statistical Attack, Error: 0, Time: 0.06760621070861816, NFound: 10, Coef: 10
