Round: 1, Attack Type: Statistical Attack, Error: 0, Time: 0.09681105613708496, NFound: 10, Coef: 10
Round: 2, Attack Type: Statistical Attack, Error: 0, Time: 0.10396885871887207, NFound: 10, Coef: 10
