Round: 1, Attack Type: Statistical Attack, Error: 0, Time: 0.09125208854675293, NFound: 5, Coef: 8
Round: 2, Attack Type: Statistical Attack, Error: 0, Time: 0.09386301040649414, NFound: 10, Coef: 10
