Round: 1, Attack Type: Statistical Attack, Error: 0, Time: 0.1339430809020996, NFound: 5, Coef: 8
Round: 2, Attack Type: Statistical Attack, Error: 0, Time: 0.10723090171813965, NFound: 10, Coef: 10
