Round: 1, Attack Type: Statistical Attack, Error: 0, Time: 0.07468008995056152, NFound: 10, Coef: 10
Round: 2, Attack Type: Statistical Attack, Error: 0, Time: 0.08461904525756836, NFound: 10, Coef: 10
