Round: 1, Attack Type: Statistical Attack, Error: 0, Time: 0.06083488464355469, NFound: 10, Coef: 10
Round: 2, Attack Type: Statistical Attack, Error: 0, Time: 0.07095909118652344, NFound: 10, Coef: 10
