Round: 1, Attack Type: Statistical Attack, Error: 0, Time: 0.07030797004699707, NFound: 10, Coef: 10
Round: 2, Attack Type: Statistical Attack, Error: 0, Time: 0.08112621307373047, NFound: 10, Coef: 10
