Round: 1, Attack Type: Statistical Attack, Error: 0, Time: 0.0795598030090332, NFound: 5, Coef: 8
Round: 2, Attack Type: Statistical Attack, Error: 0, Time: 0.07623028755187988, NFound: 10, Coef: 10
