Round: 1, Attack Type: Statistical Attack, Error: 0, Time: 0.06671404838562012, NFound: 10, Coef: 10
Round: 2, Attack Type: Statistical Attack, Error: 0, Time: 0.06551218032836914, NFound: 10, Coef: 10
