Round: 1, Attack Type: Statistical Attack, Error: 0, Time: 0.11294102668762207, NFound: 5, Coef: 8
Round: 2, Attack Type: Statistical Attack, Error: 0, Time: 0.11095023155212402, NFound: 10, Coef: 10
