Round: 1, Attack Type: Statistical Attack, Error: 0, Time: 0.12315821647644043, NFound: 5, Coef: 8
Round: 2, Attack Type: Statistical Attack, Error: 0, Time: 0.12006497383117676, NFound: 10, Coef: 10
