Round: 1, Attack Type: Statistical Attack, Error: 0, Time: 0.06812787055969238, NFound: 10, Coef: 10
Round: 2, Attack Type: Statistical Attack, Error: 0, Time: 0.0778048038482666, NFound: 10, Coef: 10
