Round: 1, Attack Type: Statistical Attack, Error: 0, Time: 0.14106225967407227, NFound: 10, Coef: 10
Round: 2, Attack Type: Statistical Attack, Error: 0, Time: 0.16087913513183594, NFound: 10, Coef: 10
