Round: 1, Attack Type: Statistical Attack, Error: 0, Time: 0.11530923843383789, NFound: 5, Coef: 8
Round: 2, Attack Type: Statistical Attack, Error: 0, Time: 0.1098477840423584, NFound: 10, Coef: 10
