Round: 1, Attack Type: Statistical Attack, Error: 0, Time: 0.07882094383239746, NFound: 5, Coef: 8
Round: 2, Attack Type: Statistical Attack, Error: 0, Time: 0.0763390064239502, NFound: 10, Coef: 10
