Round: 1, Attack Type: Statistical Attack, Error: 0, Time: 0.07324099540710449, NFound: 5, Coef: 8
Round: 2, Attack Type: Statistical Attack, Error: 0, Time: 0.09048008918762207, NFound: 10, Coef: 10
