Round: 1, Attack Type: Statistical Attack, Error: 0, Time: 0.08692717552185059, NFound: 10, Coef: 10
Round: 2, Attack Type: Statistical Attack, Error: 0, Time: 0.0966649055480957, NFound: 10, Coef: 10
