Round: 1, Attack Type: Statistical Attack, Error: 0, Time: 0.11213302612304688, NFound: 5, Coef: 8
Round: 2, Attack Type: Statistical Attack, Error: 0, Time: 0.11374068260192871, NFound: 10, Coef: 10
