Round: 1, Attack Type: Statistical Attack, Error: 0, Time: 0.07667708396911621, NFound: 5, Coef: 8
Round: 2, Attack Type: Statistical Attack, Error: 0, Time: 0.09456992149353027, NFound: 9, Coef: 8
