Round: 1, Attack Type: Statistical Attack, Error: 0, Time: 0.0810861587524414, NFound: 10, Coef: 10
Round: 2, Attack Type: Statistical Attack, Error: 0, Time: 0.08769011497497559, NFound: 10, Coef: 10
