Round: 1, Attack Type: Statistical Attack, Error: 0, Time: 0.07077407836914062, NFound: 5, Coef: 8
Round: 2, Attack Type: Statistical Attack, Error: 0, Time: 0.08081793785095215, NFound: 10, Coef: 10
