Round: 1, Attack Type: Statistical Attack, Error: 0, Time: 0.1211848258972168, NFound: 10, Coef: 10
Round: 2, Attack Type: Statistical Attack, Error: 0, Time: 0.18570971488952637, NFound: 9, Coef: 8
