Round: 1, Attack Type: Statistical Attack, Error: 0, Time: 0.07950782775878906, NFound: 10, Coef: 10
Round: 2, Attack Type: Statistical Attack, Error: 0, Time: 0.07858991622924805, NFound: 10, Coef: 10
