Round: 1, Attack Type: Statistical Attack, Error: 0, Time: 0.0658559799194336, NFound: 10, Coef: 10
Round: 2, Attack Type: Statistical Attack, Error: 0, Time: 0.07230710983276367, NFound: 10, Coef: 10
