Round: 1, Attack Type: Statistical Attack, Error: 0, Time: 0.08332276344299316, NFound: 10, Coef: 10
Round: 2, Attack Type: Statistical Attack, Error: 0, Time: 0.08008289337158203, NFound: 10, Coef: 10
