Round: 1, Attack Type: Statistical Attack, Error: 0, Time: 0.07383990287780762, NFound: 10, Coef: 10
Round: 2, Attack Type: Statistical Attack, Error: 0, Time: 0.07645797729492188, NFound: 10, Coef: 10
