Round: 1, Attack Type: Statistical Attack, Error: 0, Time: 0.07639074325561523, NFound: 10, Coef: 10
Round: 2, Attack Type: Statistical Attack, Error: 0, Time: 0.09009718894958496, NFound: 10, Coef: 10
