Round: 1, Attack Type: Statistical Attack, Error: 0, Time: 0.08214187622070312, NFound: 9, Coef: 8
Round: 2, Attack Type: Statistical Attack, Error: 0, Time: 0.0829927921295166, NFound: 10, Coef: 10
