Round: 1, Attack Type: Statistical Attack, Error: 0, Time: 0.07429218292236328, NFound: 10, Coef: 10
Round: 2, Attack Type: Statistical Attack, Error: 0, Time: 0.07834815979003906, NFound: 10, Coef: 10
