Round: 1, Attack Type: Statistical Attack, Error: 0, Time: 0.08054995536804199, NFound: 10, Coef: 10
Round: 2, Attack Type: Statistical Attack, Error: 0, Time: 0.09002876281738281, NFound: 10, Coef: 10
