Round: 1, Attack Type: Statistical Attack, Error: 0, Time: 0.10444116592407227, NFound: 5, Coef: 8
Round: 2, Attack Type: Statistical Attack, Error: 0, Time: 0.10700392723083496, NFound: 10, Coef: 10
