Round: 1, Attack Type: Statistical Attack, Error: 0, Time: 0.0753028392791748, NFound: 5, Coef: 8
Round: 2, Attack Type: Statistical Attack, Error: 0, Time: 0.08822488784790039, NFound: 10, Coef: 10
