Round: 1, Attack Type: Statistical Attack, Error: 0, Time: 0.06842899322509766, NFound: 5, Coef: 8
Round: 2, Attack Type: Statistical Attack, Error: 0, Time: 0.07769274711608887, NFound: 10, Coef: 10
