Round: 1, Attack Type: Statistical Attack, Error: 0, Time: 0.06688475608825684, NFound: 5, Coef: 8
Round: 2, Attack Type: Statistical Attack, Error: 0, Time: 0.07112002372741699, NFound: 10, Coef: 10
