Round: 1, Attack Type: Statistical Attack, Error: 0, Time: 0.0826578140258789, NFound: 5, Coef: 8
Round: 2, Attack Type: Statistical Attack, Error: 0, Time: 0.08689284324645996, NFound: 10, Coef: 10
