Round: 1, Attack Type: Statistical Attack, Error: 0, Time: 0.09840679168701172, NFound: 5, Coef: 8
Round: 2, Attack Type: Statistical Attack, Error: 0, Time: 0.10133194923400879, NFound: 10, Coef: 10
