Round: 1, Attack Type: Statistical Attack, Error: 0, Time: 0.05869174003601074, NFound: 10, Coef: 10
Round: 2, Attack Type: Statistical Attack, Error: 0, Time: 0.06595683097839355, NFound: 10, Coef: 10
