Round: 1, Attack Type: Statistical Attack, Error: 0, Time: 0.08007693290710449, NFound: 10, Coef: 10
Round: 2, Attack Type: Statistical Attack, Error: 0, Time: 0.08237409591674805, NFound: 10, Coef: 10
