Round: 1, Attack Type: Statistical Attack, Error: 0, Time: 0.09752011299133301, NFound: 5, Coef: 8
Round: 2, Attack Type: Statistical Attack, Error: 0, Time: 0.09365391731262207, NFound: 10, Coef: 10
