Round: 1, Attack Type: Statistical Attack, Error: 0, Time: 0.07423806190490723, NFound: 5, Coef: 8
Round: 2, Attack Type: Statistical Attack, Error: 0, Time: 0.08094382286071777, NFound: 10, Coef: 10
