Round: 1, Attack Type: Statistical Attack, Error: 0, Time: 0.0883629322052002, NFound: 10, Coef: 10
Round: 2, Attack Type: Statistical Attack, Error: 0, Time: 0.10953307151794434, NFound: 10, Coef: 10
