Round: 1, Attack Type: Statistical Attack, Error: 0, Time: 0.07116913795471191, NFound: 5, Coef: 8
Round: 2, Attack Type: Statistical Attack, Error: 0, Time: 0.07561779022216797, NFound: 10, Coef: 10
