Round: 1, Attack Type: Statistical Attack, Error: 0, Time: 0.08243393898010254, NFound: 10, Coef: 10
Round: 2, Attack Type: Statistical Attack, Error: 0, Time: 0.0798649787902832, NFound: 10, Coef: 10
