Round: 1, Attack Type: Statistical Attack, Error: 0, Time: 0.07445406913757324, NFound: 10, Coef: 10
Round: 2, Attack Type: Statistical Attack, Error: 0, Time: 0.1397838592529297, NFound: 10, Coef: 10
