Round: 1, Attack Type: Statistical Attack, Error: 0, Time: 0.0643310546875, NFound: 10, Coef: 10
Round: 2, Attack Type: Statistical Attack, Error: 0, Time: 0.07602357864379883, NFound: 10, Coef: 10
