Round: 1, Attack Type: Statistical Attack, Error: 0, Time: 0.07540488243103027, NFound: 10, Coef: 10
Round: 2, Attack Type: Statistical Attack, Error: 0, Time: 0.09060192108154297, NFound: 10, Coef: 10
