Round: 1, Attack Type: Statistical Attack, Error: 0, Time: 0.07162904739379883, NFound: 5, Coef: 8
Round: 2, Attack Type: Statistical Attack, Error: 0, Time: 0.07939815521240234, NFound: 10, Coef: 10
