Round: 1, Attack Type: Statistical Attack, Error: 0, Time: 0.0642402172088623, NFound: 5, Coef: 8
Round: 2, Attack Type: Statistical Attack, Error: 0, Time: 0.07453799247741699, NFound: 10, Coef: 10
