Round: 1, Attack Type: Statistical Attack, Error: 0, Time: 0.07297420501708984, NFound: 9, Coef: 8
Round: 2, Attack Type: Statistical Attack, Error: 0, Time: 0.07208132743835449, NFound: 10, Coef: 10
