Round: 1, Attack Type: Statistical Attack, Error: 0, Time: 0.06492400169372559, NFound: 10, Coef: 10
Round: 2, Attack Type: Statistical Attack, Error: 0, Time: 0.06753420829772949, NFound: 10, Coef: 10
