Round: 1, Attack Type: Statistical Attack, Error: 0, Time: 0.0832509994506836, NFound: 5, Coef: 8
Round: 2, Attack Type: Statistical Attack, Error: 0, Time: 0.08610200881958008, NFound: 9, Coef: 8
