Round: 1, Attack Type: Statistical Attack, Error: 0, Time: 0.09372186660766602, NFound: 5, Coef: 8
Round: 2, Attack Type: Statistical Attack, Error: 0, Time: 0.09750080108642578, NFound: 10, Coef: 10
