Round: 1, Attack Type: Statistical Attack, Error: 0, Time: 0.07222914695739746, NFound: 10, Coef: 10
Round: 2, Attack Type: Statistical Attack, Error: 0, Time: 0.08364176750183105, NFound: 10, Coef: 10
