Round: 1, Attack Type: Statistical Attack, Error: 0, Time: 0.07816600799560547, NFound: 5, Coef: 8
Round: 2, Attack Type: Statistical Attack, Error: 0, Time: 0.08165407180786133, NFound: 10, Coef: 10
