Round: 1, Attack Type: Statistical Attack, Error: 0, Time: 0.07654690742492676, NFound: 5, Coef: 8
Round: 2, Attack Type: Statistical Attack, Error: 0, Time: 0.09070110321044922, NFound: 10, Coef: 10
