Round: 1, Attack Type: Statistical Attack, Error: 0, Time: 0.07974886894226074, NFound: 10, Coef: 10
Round: 2, Attack Type: Statistical Attack, Error: 0, Time: 0.08098196983337402, NFound: 10, Coef: 10
