Round: 1, Attack Type: Statistical Attack, Error: 0, Time: 0.06464910507202148, NFound: 5, Coef: 8
Round: 2, Attack Type: Statistical Attack, Error: 0, Time: 0.06874895095825195, NFound: 10, Coef: 10
