Round: 1, Attack Type: Statistical Attack, Error: 0, Time: 0.07990503311157227, NFound: 10, Coef: 10
Round: 2, Attack Type: Statistical Attack, Error: 0, Time: 0.08439397811889648, NFound: 10, Coef: 10
