Round: 1, Attack Type: Statistical Attack, Error: 0, Time: 0.09371614456176758, NFound: 5, Coef: 8
Round: 2, Attack Type: Statistical Attack, Error: 0, Time: 0.11345696449279785, NFound: 10, Coef: 10
