Round: 1, Attack Type: Statistical Attack, Error: 0, Time: 0.09760808944702148, NFound: 10, Coef: 10
Round: 2, Attack Type: Statistical Attack, Error: 0, Time: 0.10140180587768555, NFound: 10, Coef: 10
