Round: 1, Attack Type: Statistical Attack, Error: 0, Time: 0.07522296905517578, NFound: 5, Coef: 8
Round: 2, Attack Type: Statistical Attack, Error: 0, Time: 0.08790016174316406, NFound: 10, Coef: 10
