Round: 1, Attack Type: Statistical Attack, Error: 0, Time: 0.07198572158813477, NFound: 10, Coef: 10
Round: 2, Attack Type: Statistical Attack, Error: 0, Time: 0.07967114448547363, NFound: 10, Coef: 10
