Round: 1, Attack Type: Statistical Attack, Error: 0, Time: 0.09375786781311035, NFound: 5, Coef: 8
Round: 2, Attack Type: Statistical Attack, Error: 0, Time: 0.09048223495483398, NFound: 10, Coef: 10
