Round: 1, Attack Type: Statistical Attack, Error: 0, Time: 0.09968209266662598, NFound: 5, Coef: 8
Round: 2, Attack Type: Statistical Attack, Error: 0, Time: 0.08293032646179199, NFound: 10, Coef: 10
