Round: 1, Attack Type: Statistical Attack, Error: 0, Time: 0.07095003128051758, NFound: 10, Coef: 10
Round: 2, Attack Type: Statistical Attack, Error: 0, Time: 0.0768117904663086, NFound: 10, Coef: 10
