Round: 1, Attack Type: Statistical Attack, Error: 0, Time: 0.0711517333984375, NFound: 10, Coef: 10
Round: 2, Attack Type: Statistical Attack, Error: 0, Time: 0.07590603828430176, NFound: 10, Coef: 10
