Round: 1, Attack Type: Statistical Attack, Error: 0, Time: 0.07301115989685059, NFound: 5, Coef: 8
Round: 2, Attack Type: Statistical Attack, Error: 0, Time: 0.07362675666809082, NFound: 10, Coef: 10
