Round: 1, Attack Type: Statistical Attack, Error: 0, Time: 0.06954479217529297, NFound: 10, Coef: 10
Round: 2, Attack Type: Statistical Attack, Error: 0, Time: 0.08273506164550781, NFound: 10, Coef: 10
