Round: 1, Attack Type: Statistical Attack, Error: 0, Time: 0.08372306823730469, NFound: 10, Coef: 10
Round: 2, Attack Type: Statistical Attack, Error: 0, Time: 0.08046793937683105, NFound: 10, Coef: 10
