Round: 1, Attack Type: Statistical Attack, Error: 0, Time: 0.07195615768432617, NFound: 5, Coef: 8
Round: 2, Attack Type: Statistical Attack, Error: 0, Time: 0.07742905616760254, NFound: 10, Coef: 10
