Round: 1, Attack Type: Statistical Attack, Error: 0, Time: 0.11893701553344727, NFound: 9, Coef: 9
Round: 2, Attack Type: Statistical Attack, Error: 0, Time: 0.1349639892578125, NFound: 9, Coef: 8
