Round: 1, Attack Type: Statistical Attack, Error: 0, Time: 0.06856894493103027, NFound: 5, Coef: 8
Round: 2, Attack Type: Statistical Attack, Error: 0, Time: 0.07865595817565918, NFound: 10, Coef: 10
