Round: 1, Attack Type: Statistical Attack, Error: 0, Time: 0.09546089172363281, NFound: 5, Coef: 8
Round: 2, Attack Type: Statistical Attack, Error: 0, Time: 0.0894460678100586, NFound: 10, Coef: 10
