Round: 1, Attack Type: Statistical Attack, Error: 0, Time: 0.07923197746276855, NFound: 5, Coef: 8
Round: 2, Attack Type: Statistical Attack, Error: 0, Time: 0.07998275756835938, NFound: 10, Coef: 10
