Round: 1, Attack Type: Statistical Attack, Error: 0, Time: 0.08715295791625977, NFound: 5, Coef: 8
Round: 2, Attack Type: Statistical Attack, Error: 0, Time: 0.0854649543762207, NFound: 10, Coef: 10
