Round: 1, Attack Type: Statistical Attack, Error: 0, Time: 0.08710026741027832, NFound: 5, Coef: 8
Round: 2, Attack Type: Statistical Attack, Error: 0, Time: 0.11112189292907715, NFound: 9, Coef: 8
