Round: 1, Attack Type: Statistical Attack, Error: 0, Time: 0.08833622932434082, NFound: 10, Coef: 10
Round: 2, Attack Type: Statistical Attack, Error: 0, Time: 0.07723188400268555, NFound: 10, Coef: 10
