Round: 1, Attack Type: Statistical Attack, Error: 0, Time: 0.05883479118347168, NFound: 10, Coef: 10
Round: 2, Attack Type: Statistical Attack, Error: 0, Time: 0.06840801239013672, NFound: 10, Coef: 10
