Round: 1, Attack Type: Statistical Attack, Error: 0, Time: 0.0783841609954834, NFound: 9, Coef: 8
Round: 2, Attack Type: Statistical Attack, Error: 0, Time: 0.08005881309509277, NFound: 10, Coef: 10
