Round: 1, Attack Type: Statistical Attack, Error: 0, Time: 0.06772494316101074, NFound: 10, Coef: 10
Round: 2, Attack Type: Statistical Attack, Error: 0, Time: 0.07834291458129883, NFound: 10, Coef: 10
