Round: 1, Attack Type: Statistical Attack, Error: 0, Time: 0.07462882995605469, NFound: 10, Coef: 10
Round: 2, Attack Type: Statistical Attack, Error: 0, Time: 0.08153581619262695, NFound: 10, Coef: 10
