Round: 1, Attack Type: Statistical Attack, Error: 0, Time: 0.0776829719543457, NFound: 10, Coef: 10
Round: 2, Attack Type: Statistical Attack, Error: 0, Time: 0.08453607559204102, NFound: 10, Coef: 10
