Round: 1, Attack Type: Statistical Attack, Error: 0, Time: 0.7629067897796631, NFound: 10, Coef: 10
Round: 2, Attack Type: Statistical Attack, Error: 0, Time: 0.08666181564331055, NFound: 9, Coef: 8
