Round: 1, Attack Type: Statistical Attack, Error: 0, Time: 0.10263919830322266, NFound: 10, Coef: 10
Round: 2, Attack Type: Statistical Attack, Error: 0, Time: 0.10949110984802246, NFound: 10, Coef: 10
