Round: 1, Attack Type: Statistical Attack, Error: 0, Time: 0.08626198768615723, NFound: 10, Coef: 10
Round: 2, Attack Type: Statistical Attack, Error: 0, Time: 0.10221481323242188, NFound: 10, Coef: 10
