Round: 1, Attack Type: Statistical Attack, Error: 0, Time: 0.10259294509887695, NFound: 5, Coef: 8
Round: 2, Attack Type: Statistical Attack, Error: 0, Time: 0.11282110214233398, NFound: 10, Coef: 10
