Round: 1, Attack Type: Statistical Attack, Error: 0, Time: 0.07459187507629395, NFound: 9, Coef: 9
Round: 2, Attack Type: Statistical Attack, Error: 0, Time: 0.0811772346496582, NFound: 10, Coef: 10
