Round: 1, Attack Type: Statistical Attack, Error: 0, Time: 0.07532691955566406, NFound: 5, Coef: 8
Round: 2, Attack Type: Statistical Attack, Error: 0, Time: 0.0793447494506836, NFound: 10, Coef: 10
