Round: 1, Attack Type: Statistical Attack, Error: 0, Time: 0.06316304206848145, NFound: 5, Coef: 8
Round: 2, Attack Type: Statistical Attack, Error: 0, Time: 0.0659949779510498, NFound: 10, Coef: 10
