Round: 1, Attack Type: Statistical Attack, Error: 0, Time: 0.08579897880554199, NFound: 5, Coef: 8
Round: 2, Attack Type: Statistical Attack, Error: 0, Time: 0.08717894554138184, NFound: 10, Coef: 10
