Round: 1, Attack Type: Statistical Attack, Error: 0, Time: 0.10897684097290039, NFound: 10, Coef: 10
Round: 2, Attack Type: Statistical Attack, Error: 0, Time: 0.10853886604309082, NFound: 10, Coef: 10
