Round: 1, Attack Type: Statistical Attack, Error: 0, Time: 0.0593109130859375, NFound: 10, Coef: 10
Round: 2, Attack Type: Statistical Attack, Error: 0, Time: 0.07004785537719727, NFound: 10, Coef: 10
