Round: 1, Attack Type: Statistical Attack, Error: 0, Time: 0.07580208778381348, NFound: 5, Coef: 8
Round: 2, Attack Type: Statistical Attack, Error: 0, Time: 0.08476400375366211, NFound: 10, Coef: 10
