Round: 1, Attack Type: Statistical Attack, Error: 0, Time: 0.10446691513061523, NFound: 5, Coef: 8
Round: 2, Attack Type: Statistical Attack, Error: 0, Time: 0.1072533130645752, NFound: 10, Coef: 10
