Round: 1, Attack Type: Statistical Attack, Error: 0, Time: 0.06576418876647949, NFound: 5, Coef: 8
Round: 2, Attack Type: Statistical Attack, Error: 0, Time: 0.07043004035949707, NFound: 10, Coef: 10
