Round: 1, Attack Type: Statistical Attack, Error: 0, Time: 0.09713506698608398, NFound: 5, Coef: 8
Round: 2, Attack Type: Statistical Attack, Error: 0, Time: 0.10093402862548828, NFound: 10, Coef: 10
