Round: 1, Attack Type: Statistical Attack, Error: 0, Time: 0.08751511573791504, NFound: 10, Coef: 10
Round: 2, Attack Type: Statistical Attack, Error: 0, Time: 0.10848593711853027, NFound: 10, Coef: 10
