Round: 1, Attack Type: Statistical Attack, Error: 0, Time: 0.10588312149047852, NFound: 5, Coef: 8
Round: 2, Attack Type: Statistical Attack, Error: 0, Time: 0.14473295211791992, NFound: 10, Coef: 10
