Round: 1, Attack Type: Statistical Attack, Error: 0, Time: 0.07488369941711426, NFound: 5, Coef: 8
Round: 2, Attack Type: Statistical Attack, Error: 0, Time: 0.08696174621582031, NFound: 10, Coef: 10
