Round: 1, Attack Type: Statistical Attack, Error: 0, Time: 0.08131885528564453, NFound: 9, Coef: 8
Round: 2, Attack Type: Statistical Attack, Error: 0, Time: 0.08829903602600098, NFound: 10, Coef: 10
