Round: 1, Attack Type: Statistical Attack, Error: 0, Time: 0.08536815643310547, NFound: 10, Coef: 10
Round: 2, Attack Type: Statistical Attack, Error: 0, Time: 0.0775308609008789, NFound: 10, Coef: 10
