Round: 1, Attack Type: Statistical Attack, Error: 0, Time: 0.07450079917907715, NFound: 9, Coef: 8
Round: 2, Attack Type: Statistical Attack, Error: 0, Time: 0.07593393325805664, NFound: 10, Coef: 10
