Round: 1, Attack Type: Statistical Attack, Error: 0, Time: 0.06883883476257324, NFound: 5, Coef: 8
Round: 2, Attack Type: Statistical Attack, Error: 0, Time: 0.07650208473205566, NFound: 10, Coef: 10
