Round: 1, Attack Type: Statistical Attack, Error: 0, Time: 0.0742790699005127, NFound: 10, Coef: 10
Round: 2, Attack Type: Statistical Attack, Error: 0, Time: 0.08783102035522461, NFound: 10, Coef: 10
