Round: 1, Attack Type: Statistical Attack, Error: 0, Time: 0.0803840160369873, NFound: 10, Coef: 10
Round: 2, Attack Type: Statistical Attack, Error: 0, Time: 0.0930330753326416, NFound: 10, Coef: 10
