Round: 1, Attack Type: Statistical Attack, Error: 0, Time: 0.12125277519226074, NFound: 5, Coef: 8
Round: 2, Attack Type: Statistical Attack, Error: 0, Time: 0.12375497817993164, NFound: 9, Coef: 8
