Round: 1, Attack Type: Statistical Attack, Error: 0, Time: 0.07362723350524902, NFound: 10, Coef: 10
Round: 2, Attack Type: Statistical Attack, Error: 0, Time: 0.08150911331176758, NFound: 10, Coef: 10
