Round: 1, Attack Type: Statistical Attack, Error: 0, Time: 0.07337617874145508, NFound: 5, Coef: 8
Round: 2, Attack Type: Statistical Attack, Error: 0, Time: 0.08679890632629395, NFound: 10, Coef: 10
