Round: 1, Attack Type: Statistical Attack, Error: 0, Time: 0.06177210807800293, NFound: 10, Coef: 10
Round: 2, Attack Type: Statistical Attack, Error: 0, Time: 0.06577301025390625, NFound: 10, Coef: 10
