Round: 1, Attack Type: Statistical Attack, Error: 0, Time: 0.07633209228515625, NFound: 10, Coef: 10
Round: 2, Attack Type: Statistical Attack, Error: 0, Time: 0.07860612869262695, NFound: 10, Coef: 10
