Round: 1, Attack Type: Statistical Attack, Error: 0, Time: 0.07753515243530273, NFound: 10, Coef: 10
Round: 2, Attack Type: Statistical Attack, Error: 0, Time: 0.07816410064697266, NFound: 10, Coef: 10
