Round: 1, Attack Type: Statistical Attack, Error: 0, Time: 0.08547520637512207, NFound: 5, Coef: 8
Round: 2, Attack Type: Statistical Attack, Error: 0, Time: 0.08739423751831055, NFound: 10, Coef: 10
