Round: 1, Attack Type: Statistical Attack, Error: 0, Time: 0.07186579704284668, NFound: 5, Coef: 8
Round: 2, Attack Type: Statistical Attack, Error: 0, Time: 0.08014893531799316, NFound: 10, Coef: 10
