Round: 1, Attack Type: Statistical Attack, Error: 0, Time: 0.07013869285583496, NFound: 10, Coef: 10
Round: 2, Attack Type: Statistical Attack, Error: 0, Time: 0.08298087120056152, NFound: 10, Coef: 10
