Round: 1, Attack Type: Statistical Attack, Error: 0, Time: 0.06980299949645996, NFound: 5, Coef: 8
Round: 2, Attack Type: Statistical Attack, Error: 0, Time: 0.06924009323120117, NFound: 10, Coef: 10
