Round: 1, Attack Type: Statistical Attack, Error: 0, Time: 0.07266116142272949, NFound: 5, Coef: 8
Round: 2, Attack Type: Statistical Attack, Error: 0, Time: 0.07307982444763184, NFound: 10, Coef: 10
