Round: 1, Attack Type: Statistical Attack, Error: 0, Time: 0.06342601776123047, NFound: 5, Coef: 8
Round: 2, Attack Type: Statistical Attack, Error: 0, Time: 0.0626981258392334, NFound: 10, Coef: 10
