Round: 1, Attack Type: Statistical Attack, Error: 0, Time: 0.07887101173400879, NFound: 10, Coef: 10
Round: 2, Attack Type: Statistical Attack, Error: 0, Time: 0.10234808921813965, NFound: 10, Coef: 10
