Round: 1, Attack Type: Statistical Attack, Error: 0, Time: 0.07755208015441895, NFound: 5, Coef: 8
Round: 2, Attack Type: Statistical Attack, Error: 0, Time: 0.08726096153259277, NFound: 10, Coef: 10
