Round: 1, Attack Type: Statistical Attack, Error: 0, Time: 0.09603309631347656, NFound: 5, Coef: 8
Round: 2, Attack Type: Statistical Attack, Error: 0, Time: 0.11473512649536133, NFound: 9, Coef: 8
