Round: 1, Attack Type: Statistical Attack, Error: 0, Time: 0.07814598083496094, NFound: 5, Coef: 8
Round: 2, Attack Type: Statistical Attack, Error: 0, Time: 0.08599591255187988, NFound: 10, Coef: 10
