Round: 1, Attack Type: Statistical Attack, Error: 0, Time: 0.08175206184387207, NFound: 5, Coef: 8
Round: 2, Attack Type: Statistical Attack, Error: 0, Time: 0.09127092361450195, NFound: 10, Coef: 10
