Round: 1, Attack Type: Statistical Attack, Error: 0, Time: 0.10000395774841309, NFound: 10, Coef: 10
Round: 2, Attack Type: Statistical Attack, Error: 0, Time: 0.10830187797546387, NFound: 10, Coef: 10
