Round: 1, Attack Type: Statistical Attack, Error: 0, Time: 0.09830403327941895, NFound: 5, Coef: 8
Round: 2, Attack Type: Statistical Attack, Error: 0, Time: 0.10803914070129395, NFound: 10, Coef: 10
