Round: 1, Attack Type: Statistical Attack, Error: 0, Time: 0.06905698776245117, NFound: 5, Coef: 8
Round: 2, Attack Type: Statistical Attack, Error: 0, Time: 0.0839838981628418, NFound: 10, Coef: 10
