Round: 1, Attack Type: Statistical Attack, Error: 0, Time: 0.07545113563537598, NFound: 10, Coef: 10
Round: 2, Attack Type: Statistical Attack, Error: 0, Time: 0.08111405372619629, NFound: 10, Coef: 10
