Round: 1, Attack Type: Statistical Attack, Error: 0, Time: 0.07420015335083008, NFound: 5, Coef: 8
Round: 2, Attack Type: Statistical Attack, Error: 0, Time: 0.07708024978637695, NFound: 10, Coef: 10
