Round: 1, Attack Type: Statistical Attack, Error: 0, Time: 0.09858202934265137, NFound: 10, Coef: 10
Round: 2, Attack Type: Statistical Attack, Error: 0, Time: 0.11284422874450684, NFound: 10, Coef: 10
