Round: 1, Attack Type: Statistical Attack, Error: 0, Time: 0.07936310768127441, NFound: 5, Coef: 8
Round: 2, Attack Type: Statistical Attack, Error: 0, Time: 0.07915401458740234, NFound: 10, Coef: 10
