Round: 1, Attack Type: Statistical Attack, Error: 0, Time: 0.08934283256530762, NFound: 5, Coef: 8
Round: 2, Attack Type: Statistical Attack, Error: 0, Time: 0.10538315773010254, NFound: 10, Coef: 10
