Round: 1, Attack Type: Statistical Attack, Error: 0, Time: 0.10498809814453125, NFound: 10, Coef: 10
Round: 2, Attack Type: Statistical Attack, Error: 0, Time: 0.11056995391845703, NFound: 10, Coef: 10
