Round: 1, Attack Type: Statistical Attack, Error: 0, Time: 0.0827338695526123, NFound: 5, Coef: 8
Round: 2, Attack Type: Statistical Attack, Error: 0, Time: 0.08470773696899414, NFound: 10, Coef: 10
