Round: 1, Attack Type: Statistical Attack, Error: 0, Time: 0.06664514541625977, NFound: 10, Coef: 10
Round: 2, Attack Type: Statistical Attack, Error: 0, Time: 0.08636808395385742, NFound: 10, Coef: 10
