Round: 1, Attack Type: Statistical Attack, Error: 0, Time: 0.10015416145324707, NFound: 5, Coef: 8
Round: 2, Attack Type: Statistical Attack, Error: 0, Time: 0.09737086296081543, NFound: 10, Coef: 10
