Round: 1, Attack Type: Statistical Attack, Error: 0, Time: 0.07322907447814941, NFound: 5, Coef: 8
Round: 2, Attack Type: Statistical Attack, Error: 0, Time: 0.07732009887695312, NFound: 10, Coef: 10
