Round: 1, Attack Type: Statistical Attack, Error: 0, Time: 0.07253909111022949, NFound: 10, Coef: 10
Round: 2, Attack Type: Statistical Attack, Error: 0, Time: 0.07629776000976562, NFound: 10, Coef: 10
