Round: 1, Attack Type: Statistical Attack, Error: 0, Time: 0.07316803932189941, NFound: 10, Coef: 10
Round: 2, Attack Type: Statistical Attack, Error: 0, Time: 0.09832906723022461, NFound: 10, Coef: 10
