Round: 1, Attack Type: Statistical Attack, Error: 0, Time: 0.09215712547302246, NFound: 10, Coef: 10
Round: 2, Attack Type: Statistical Attack, Error: 0, Time: 0.09567785263061523, NFound: 10, Coef: 10
