Round: 1, Attack Type: Statistical Attack, Error: 0, Time: 0.08194589614868164, NFound: 5, Coef: 8
Round: 2, Attack Type: Statistical Attack, Error: 0, Time: 0.07965517044067383, NFound: 10, Coef: 10
