Round: 1, Attack Type: Statistical Attack, Error: 0, Time: 0.09347701072692871, NFound: 5, Coef: 8
Round: 2, Attack Type: Statistical Attack, Error: 0, Time: 0.09482288360595703, NFound: 10, Coef: 10
