Round: 1, Attack Type: Statistical Attack, Error: 0, Time: 0.07072925567626953, NFound: 10, Coef: 10
Round: 2, Attack Type: Statistical Attack, Error: 0, Time: 0.08043289184570312, NFound: 10, Coef: 10
