Round: 1, Attack Type: Statistical Attack, Error: 0, Time: 0.07890105247497559, NFound: 5, Coef: 8
Round: 2, Attack Type: Statistical Attack, Error: 0, Time: 0.08156418800354004, NFound: 10, Coef: 10
