Round: 1, Attack Type: Statistical Attack, Error: 0, Time: 0.06761503219604492, NFound: 10, Coef: 10
Round: 2, Attack Type: Statistical Attack, Error: 0, Time: 0.07466578483581543, NFound: 9, Coef: 8
