Round: 1, Attack Type: Statistical Attack, Error: 0, Time: 0.07117700576782227, NFound: 5, Coef: 8
Round: 2, Attack Type: Statistical Attack, Error: 0, Time: 0.08415794372558594, NFound: 10, Coef: 10
