Round: 1, Attack Type: Statistical Attack, Error: 0, Time: 0.08865022659301758, NFound: 5, Coef: 8
Round: 2, Attack Type: Statistical Attack, Error: 0, Time: 0.09591007232666016, NFound: 10, Coef: 10
