Round: 1, Attack Type: Statistical Attack, Error: 0, Time: 0.06030988693237305, NFound: 10, Coef: 10
Round: 2, Attack Type: Statistical Attack, Error: 0, Time: 0.06290197372436523, NFound: 10, Coef: 10
