Round: 1, Attack Type: Statistical Attack, Error: 0, Time: 0.07866883277893066, NFound: 5, Coef: 8
Round: 2, Attack Type: Statistical Attack, Error: 0, Time: 0.08316397666931152, NFound: 10, Coef: 10
