Round: 1, Attack Type: Statistical Attack, Error: 0, Time: 0.08309483528137207, NFound: 5, Coef: 8
Round: 2, Attack Type: Statistical Attack, Error: 0, Time: 0.07917070388793945, NFound: 10, Coef: 10
