Round: 1, Attack Type: Statistical Attack, Error: 0, Time: 0.09734702110290527, NFound: 10, Coef: 10
Round: 2, Attack Type: Statistical Attack, Error: 0, Time: 0.10539484024047852, NFound: 10, Coef: 10
