Round: 1, Attack Type: Statistical Attack, Error: 0, Time: 0.1502821445465088, NFound: 5, Coef: 8
Round: 2, Attack Type: Statistical Attack, Error: 0, Time: 0.15111708641052246, NFound: 10, Coef: 10
