Round: 1, Attack Type: Statistical Attack, Error: 0, Time: 0.08251404762268066, NFound: 10, Coef: 10
Round: 2, Attack Type: Statistical Attack, Error: 0, Time: 0.07849979400634766, NFound: 10, Coef: 10
