Round: 1, Attack Type: Statistical Attack, Error: 0, Time: 0.08221292495727539, NFound: 5, Coef: 8
Round: 2, Attack Type: Statistical Attack, Error: 0, Time: 0.07969903945922852, NFound: 10, Coef: 10
