Round: 1, Attack Type: Statistical Attack, Error: 0, Time: 0.07017803192138672, NFound: 10, Coef: 10
Round: 2, Attack Type: Statistical Attack, Error: 0, Time: 0.08637499809265137, NFound: 10, Coef: 10
