Round: 1, Attack Type: Statistical Attack, Error: 0, Time: 0.0715787410736084, NFound: 10, Coef: 10
Round: 2, Attack Type: Statistical Attack, Error: 0, Time: 0.09762191772460938, NFound: 10, Coef: 10
