Round: 1, Attack Type: Statistical Attack, Error: 0, Time: 0.07815098762512207, NFound: 10, Coef: 10
Round: 2, Attack Type: Statistical Attack, Error: 0, Time: 0.07925081253051758, NFound: 10, Coef: 10
