Round: 1, Attack Type: Statistical Attack, Error: 0, Time: 0.0844419002532959, NFound: 5, Coef: 8
Round: 2, Attack Type: Statistical Attack, Error: 0, Time: 0.09643125534057617, NFound: 10, Coef: 10
