Round: 1, Attack Type: Statistical Attack, Error: 0, Time: 0.07996797561645508, NFound: 10, Coef: 10
Round: 2, Attack Type: Statistical Attack, Error: 0, Time: 0.10188627243041992, NFound: 9, Coef: 8
