Round: 1, Attack Type: Statistical Attack, Error: 0, Time: 0.07694315910339355, NFound: 5, Coef: 8
Round: 2, Attack Type: Statistical Attack, Error: 0, Time: 0.07926774024963379, NFound: 10, Coef: 10
