Round: 1, Attack Type: Statistical Attack, Error: 0, Time: 0.07371687889099121, NFound: 5, Coef: 8
Round: 2, Attack Type: Statistical Attack, Error: 0, Time: 0.07587194442749023, NFound: 10, Coef: 10
