Round: 1, Attack Type: Statistical Attack, Error: 0, Time: 0.07157397270202637, NFound: 5, Coef: 8
Round: 2, Attack Type: Statistical Attack, Error: 0, Time: 0.07569503784179688, NFound: 10, Coef: 10
