Round: 1, Attack Type: Statistical Attack, Error: 0, Time: 0.09295010566711426, NFound: 10, Coef: 10
Round: 2, Attack Type: Statistical Attack, Error: 0, Time: 0.1055760383605957, NFound: 10, Coef: 10
