Round: 1, Attack Type: Statistical Attack, Error: 0, Time: 0.1087958812713623, NFound: 10, Coef: 10
Round: 2, Attack Type: Statistical Attack, Error: 0, Time: 0.13265419006347656, NFound: 10, Coef: 10
