Round: 1, Attack Type: Statistical Attack, Error: 0, Time: 0.07532477378845215, NFound: 5, Coef: 8
Round: 2, Attack Type: Statistical Attack, Error: 0, Time: 0.08126997947692871, NFound: 10, Coef: 10
