Round: 1, Attack Type: Statistical Attack, Error: 0, Time: 0.08280324935913086, NFound: 5, Coef: 8
Round: 2, Attack Type: Statistical Attack, Error: 0, Time: 0.08237624168395996, NFound: 10, Coef: 10
