Round: 1, Attack Type: Statistical Attack, Error: 0, Time: 0.0771951675415039, NFound: 10, Coef: 10
Round: 2, Attack Type: Statistical Attack, Error: 0, Time: 0.08151030540466309, NFound: 10, Coef: 10
