Round: 1, Attack Type: Statistical Attack, Error: 0, Time: 0.09316110610961914, NFound: 10, Coef: 10
Round: 2, Attack Type: Statistical Attack, Error: 0, Time: 0.10780119895935059, NFound: 10, Coef: 10
