Round: 1, Attack Type: Statistical Attack, Error: 0, Time: 0.07270598411560059, NFound: 5, Coef: 8
Round: 2, Attack Type: Statistical Attack, Error: 0, Time: 0.08564496040344238, NFound: 10, Coef: 10
