Round: 1, Attack Type: Statistical Attack, Error: 0, Time: 0.0780327320098877, NFound: 10, Coef: 10
Round: 2, Attack Type: Statistical Attack, Error: 0, Time: 0.08521485328674316, NFound: 10, Coef: 10
