Round: 1, Attack Type: Statistical Attack, Error: 0, Time: 0.07772588729858398, NFound: 10, Coef: 10
Round: 2, Attack Type: Statistical Attack, Error: 0, Time: 0.1201639175415039, NFound: 10, Coef: 10
