Round: 1, Attack Type: Statistical Attack, Error: 0, Time: 0.09103107452392578, NFound: 5, Coef: 8
Round: 2, Attack Type: Statistical Attack, Error: 0, Time: 0.09250092506408691, NFound: 10, Coef: 10
