Round: 1, Attack Type: Statistical Attack, Error: 0, Time: 0.0939931869506836, NFound: 5, Coef: 8
Round: 2, Attack Type: Statistical Attack, Error: 0, Time: 0.10128426551818848, NFound: 10, Coef: 10
