Round: 1, Attack Type: Statistical Attack, Error: 0, Time: 0.07791495323181152, NFound: 5, Coef: 8
Round: 2, Attack Type: Statistical Attack, Error: 0, Time: 0.07847285270690918, NFound: 10, Coef: 10
