Round: 1, Attack Type: Statistical Attack, Error: 0, Time: 0.07799887657165527, NFound: 5, Coef: 8
Round: 2, Attack Type: Statistical Attack, Error: 0, Time: 0.09377193450927734, NFound: 10, Coef: 10
