Round: 1, Attack Type: Statistical Attack, Error: 0, Time: 0.07614898681640625, NFound: 5, Coef: 8
Round: 2, Attack Type: Statistical Attack, Error: 0, Time: 0.08151078224182129, NFound: 10, Coef: 10
