Round: 1, Attack Type: Statistical Attack, Error: 0, Time: 0.07386016845703125, NFound: 5, Coef: 8
Round: 2, Attack Type: Statistical Attack, Error: 0, Time: 0.07775402069091797, NFound: 10, Coef: 10
