Round: 1, Attack Type: Statistical Attack, Error: 0, Time: 0.09975004196166992, NFound: 10, Coef: 10
Round: 2, Attack Type: Statistical Attack, Error: 0, Time: 0.10409021377563477, NFound: 10, Coef: 10
