Round: 1, Attack Type: Statistical Attack, Error: 0, Time: 0.07046294212341309, NFound: 10, Coef: 10
Round: 2, Attack Type: Statistical Attack, Error: 0, Time: 0.08367800712585449, NFound: 10, Coef: 10
