Round: 1, Attack Type: Statistical Attack, Error: 0, Time: 0.07704496383666992, NFound: 10, Coef: 10
Round: 2, Attack Type: Statistical Attack, Error: 0, Time: 0.0921783447265625, NFound: 10, Coef: 10
