Round: 1, Attack Type: Statistical Attack, Error: 0, Time: 0.07547593116760254, NFound: 10, Coef: 10
Round: 2, Attack Type: Statistical Attack, Error: 0, Time: 0.08793902397155762, NFound: 10, Coef: 10
