Round: 1, Attack Type: Statistical Attack, Error: 0, Time: 0.07038331031799316, NFound: 5, Coef: 8
Round: 2, Attack Type: Statistical Attack, Error: 0, Time: 0.0755300521850586, NFound: 10, Coef: 10
