Round: 1, Attack Type: Statistical Attack, Error: 0, Time: 0.07226204872131348, NFound: 10, Coef: 10
Round: 2, Attack Type: Statistical Attack, Error: 0, Time: 0.08151698112487793, NFound: 10, Coef: 10
