Round: 1, Attack Type: Statistical Attack, Error: 0, Time: 0.0745391845703125, NFound: 5, Coef: 8
Round: 2, Attack Type: Statistical Attack, Error: 0, Time: 0.08080101013183594, NFound: 10, Coef: 10
