Round: 1, Attack Type: Statistical Attack, Error: 0, Time: 0.06938385963439941, NFound: 5, Coef: 8
Round: 2, Attack Type: Statistical Attack, Error: 0, Time: 0.07254981994628906, NFound: 10, Coef: 10
