Round: 1, Attack Type: Statistical Attack, Error: 0, Time: 0.07314515113830566, NFound: 5, Coef: 8
Round: 2, Attack Type: Statistical Attack, Error: 0, Time: 0.07732701301574707, NFound: 10, Coef: 10
