Round: 1, Attack Type: Statistical Attack, Error: 0, Time: 0.09490299224853516, NFound: 5, Coef: 8
Round: 2, Attack Type: Statistical Attack, Error: 0, Time: 0.09996390342712402, NFound: 10, Coef: 10
