Round: 1, Attack Type: Statistical Attack, Error: 0, Time: 0.07884860038757324, NFound: 10, Coef: 10
Round: 2, Attack Type: Statistical Attack, Error: 0, Time: 0.080108642578125, NFound: 10, Coef: 10
