Round: 1, Attack Type: Statistical Attack, Error: 0, Time: 0.07805109024047852, NFound: 10, Coef: 10
Round: 2, Attack Type: Statistical Attack, Error: 0, Time: 0.08350110054016113, NFound: 10, Coef: 10
