Round: 1, Attack Type: Statistical Attack, Error: 0, Time: 0.10161089897155762, NFound: 5, Coef: 8
Round: 2, Attack Type: Statistical Attack, Error: 0, Time: 0.11028790473937988, NFound: 10, Coef: 10
