Round: 1, Attack Type: Statistical Attack, Error: 0, Time: 0.07002902030944824, NFound: 10, Coef: 10
Round: 2, Attack Type: Statistical Attack, Error: 0, Time: 0.0749349594116211, NFound: 10, Coef: 10
