Round: 1, Attack Type: Statistical Attack, Error: 0, Time: 0.0936729907989502, NFound: 10, Coef: 10
Round: 2, Attack Type: Statistical Attack, Error: 0, Time: 0.1029350757598877, NFound: 10, Coef: 10
