Round: 1, Attack Type: Statistical Attack, Error: 0, Time: 0.08187580108642578, NFound: 10, Coef: 10
Round: 2, Attack Type: Statistical Attack, Error: 0, Time: 0.11423015594482422, NFound: 10, Coef: 10
