Round: 1, Attack Type: Statistical Attack, Error: 0, Time: 0.09424400329589844, NFound: 5, Coef: 8
Round: 2, Attack Type: Statistical Attack, Error: 0, Time: 0.10814094543457031, NFound: 10, Coef: 10
