Round: 1, Attack Type: Statistical Attack, Error: 0, Time: 0.08198714256286621, NFound: 5, Coef: 8
Round: 2, Attack Type: Statistical Attack, Error: 0, Time: 0.0792849063873291, NFound: 10, Coef: 10
