Round: 1, Attack Type: Statistical Attack, Error: 0, Time: 0.08237600326538086, NFound: 10, Coef: 10
Round: 2, Attack Type: Statistical Attack, Error: 0, Time: 0.09258222579956055, NFound: 10, Coef: 10
