Round: 1, Attack Type: Statistical Attack, Error: 0, Time: 0.07285213470458984, NFound: 10, Coef: 10
Round: 2, Attack Type: Statistical Attack, Error: 0, Time: 0.08389997482299805, NFound: 10, Coef: 10
