Round: 1, Attack Type: Statistical Attack, Error: 0, Time: 0.06910586357116699, NFound: 10, Coef: 10
Round: 2, Attack Type: Statistical Attack, Error: 0, Time: 0.06959724426269531, NFound: 10, Coef: 10
