Round: 1, Attack Type: Statistical Attack, Error: 0, Time: 0.07185220718383789, NFound: 10, Coef: 10
Round: 2, Attack Type: Statistical Attack, Error: 0, Time: 0.08736896514892578, NFound: 10, Coef: 10
