Round: 1, Attack Type: Statistical Attack, Error: 0, Time: 0.08204793930053711, NFound: 10, Coef: 10
Round: 2, Attack Type: Statistical Attack, Error: 0, Time: 0.10718488693237305, NFound: 10, Coef: 10
