Round: 1, Attack Type: Statistical Attack, Error: 0, Time: 0.11442089080810547, NFound: 9, Coef: 8
Round: 2, Attack Type: Statistical Attack, Error: 0, Time: 0.12677597999572754, NFound: 10, Coef: 10
