Round: 1, Attack Type: Statistical Attack, Error: 0, Time: 0.08176517486572266, NFound: 5, Coef: 8
Round: 2, Attack Type: Statistical Attack, Error: 0, Time: 0.08183598518371582, NFound: 10, Coef: 10
