Round: 1, Attack Type: Statistical Attack, Error: 0, Time: 0.06765007972717285, NFound: 10, Coef: 10
Round: 2, Attack Type: Statistical Attack, Error: 0, Time: 0.07412600517272949, NFound: 10, Coef: 10
