Round: 1, Attack Type: Statistical Attack, Error: 0, Time: 0.06705832481384277, NFound: 10, Coef: 10
Round: 2, Attack Type: Statistical Attack, Error: 0, Time: 0.07931709289550781, NFound: 10, Coef: 10
