Round: 1, Attack Type: Statistical Attack, Error: 0, Time: 0.07098031044006348, NFound: 5, Coef: 8
Round: 2, Attack Type: Statistical Attack, Error: 0, Time: 0.08158302307128906, NFound: 10, Coef: 10
