Round: 1, Attack Type: Statistical Attack, Error: 0, Time: 0.08196496963500977, NFound: 5, Coef: 8
Round: 2, Attack Type: Statistical Attack, Error: 0, Time: 0.0850529670715332, NFound: 10, Coef: 10
