Round: 1, Attack Type: Statistical Attack, Error: 0, Time: 0.08061623573303223, NFound: 5, Coef: 8
Round: 2, Attack Type: Statistical Attack, Error: 0, Time: 0.09679794311523438, NFound: 10, Coef: 10
