Round: 1, Attack Type: Statistical Attack, Error: 0, Time: 0.07336902618408203, NFound: 10, Coef: 10
Round: 2, Attack Type: Statistical Attack, Error: 0, Time: 0.09290599822998047, NFound: 10, Coef: 10
