Round: 1, Attack Type: Statistical Attack, Error: 0, Time: 0.05918526649475098, NFound: 10, Coef: 10
Round: 2, Attack Type: Statistical Attack, Error: 0, Time: 0.06520724296569824, NFound: 10, Coef: 10
