Round: 1, Attack Type: Statistical Attack, Error: 0, Time: 0.07115507125854492, NFound: 10, Coef: 10
Round: 2, Attack Type: Statistical Attack, Error: 0, Time: 0.08233380317687988, NFound: 10, Coef: 10
