Round: 1, Attack Type: Statistical Attack, Error: 0, Time: 0.09203934669494629, NFound: 10, Coef: 10
Round: 2, Attack Type: Statistical Attack, Error: 0, Time: 0.09640908241271973, NFound: 10, Coef: 10
