Round: 1, Attack Type: Statistical Attack, Error: 0, Time: 0.08002519607543945, NFound: 5, Coef: 8
Round: 2, Attack Type: Statistical Attack, Error: 0, Time: 0.07749295234680176, NFound: 10, Coef: 10
