Round: 1, Attack Type: Statistical Attack, Error: 0, Time: 0.10401105880737305, NFound: 10, Coef: 10
Round: 2, Attack Type: Statistical Attack, Error: 0, Time: 0.11487579345703125, NFound: 9, Coef: 8
