Round: 1, Attack Type: Statistical Attack, Error: 0, Time: 0.0808568000793457, NFound: 5, Coef: 8
Round: 2, Attack Type: Statistical Attack, Error: 0, Time: 0.07773804664611816, NFound: 10, Coef: 10
