Round: 1, Attack Type: Statistical Attack, Error: 0, Time: 0.07572102546691895, NFound: 10, Coef: 10
Round: 2, Attack Type: Statistical Attack, Error: 0, Time: 0.08808493614196777, NFound: 9, Coef: 8
