Round: 1, Attack Type: Statistical Attack, Error: 0, Time: 0.10993790626525879, NFound: 5, Coef: 8
Round: 2, Attack Type: Statistical Attack, Error: 0, Time: 0.11983585357666016, NFound: 10, Coef: 10
