Round: 1, Attack Type: Statistical Attack, Error: 0, Time: 0.06800699234008789, NFound: 10, Coef: 10
Round: 2, Attack Type: Statistical Attack, Error: 0, Time: 0.08074617385864258, NFound: 10, Coef: 10
