Round: 1, Attack Type: Statistical Attack, Error: 0, Time: 0.09368300437927246, NFound: 10, Coef: 10
Round: 2, Attack Type: Statistical Attack, Error: 0, Time: 0.10757708549499512, NFound: 10, Coef: 10
