Round: 1, Attack Type: Statistical Attack, Error: 0, Time: 0.07639694213867188, NFound: 10, Coef: 10
Round: 2, Attack Type: Statistical Attack, Error: 0, Time: 0.0897219181060791, NFound: 9, Coef: 8
