Round: 1, Attack Type: Statistical Attack, Error: 0, Time: 0.08067107200622559, NFound: 5, Coef: 8
Round: 2, Attack Type: Statistical Attack, Error: 0, Time: 0.08454775810241699, NFound: 10, Coef: 10
