Round: 1, Attack Type: Statistical Attack, Error: 0, Time: 0.10560727119445801, NFound: 10, Coef: 10
Round: 2, Attack Type: Statistical Attack, Error: 0, Time: 0.09957504272460938, NFound: 10, Coef: 10
