Round: 1, Attack Type: Statistical Attack, Error: 0, Time: 0.0862891674041748, NFound: 10, Coef: 10
Round: 2, Attack Type: Statistical Attack, Error: 0, Time: 0.10513687133789062, NFound: 10, Coef: 10
