Round: 1, Attack Type: Statistical Attack, Error: 0, Time: 0.09347915649414062, NFound: 5, Coef: 8
Round: 2, Attack Type: Statistical Attack, Error: 0, Time: 0.09392285346984863, NFound: 10, Coef: 10
