Round: 1, Attack Type: Statistical Attack, Error: 0, Time: 0.08719897270202637, NFound: 10, Coef: 10
Round: 2, Attack Type: Statistical Attack, Error: 0, Time: 0.09354281425476074, NFound: 10, Coef: 10
