Round: 1, Attack Type: Statistical Attack, Error: 0, Time: 0.07150793075561523, NFound: 5, Coef: 8
Round: 2, Attack Type: Statistical Attack, Error: 0, Time: 0.08133411407470703, NFound: 10, Coef: 10
