Round: 1, Attack Type: Statistical Attack, Error: 0, Time: 0.06998991966247559, NFound: 10, Coef: 10
Round: 2, Attack Type: Statistical Attack, Error: 0, Time: 0.08649587631225586, NFound: 10, Coef: 10
