Round: 1, Attack Type: Statistical Attack, Error: 0, Time: 0.07236719131469727, NFound: 5, Coef: 8
Round: 2, Attack Type: Statistical Attack, Error: 0, Time: 0.08368206024169922, NFound: 10, Coef: 10
