Round: 1, Attack Type: Statistical Attack, Error: 0, Time: 0.1488652229309082, NFound: 10, Coef: 10
Round: 2, Attack Type: Statistical Attack, Error: 0, Time: 0.13355016708374023, NFound: 10, Coef: 10
