Round: 1, Attack Type: Statistical Attack, Error: 0, Time: 0.07800030708312988, NFound: 10, Coef: 10
Round: 2, Attack Type: Statistical Attack, Error: 0, Time: 0.08636116981506348, NFound: 10, Coef: 10
