Round: 1, Attack Type: Statistical Attack, Error: 0, Time: 0.08292508125305176, NFound: 10, Coef: 10
Round: 2, Attack Type: Statistical Attack, Error: 0, Time: 0.07854795455932617, NFound: 10, Coef: 10
