Round: 1, Attack Type: Statistical Attack, Error: 0, Time: 0.0777120590209961, NFound: 5, Coef: 8
Round: 2, Attack Type: Statistical Attack, Error: 0, Time: 0.09217286109924316, NFound: 9, Coef: 8
