Round: 1, Attack Type: Statistical Attack, Error: 0, Time: 0.07104706764221191, NFound: 9, Coef: 9
Round: 2, Attack Type: Statistical Attack, Error: 0, Time: 0.09361720085144043, NFound: 10, Coef: 10
