Round: 1, Attack Type: Statistical Attack, Error: 0, Time: 0.0878291130065918, NFound: 10, Coef: 10
Round: 2, Attack Type: Statistical Attack, Error: 0, Time: 0.08986306190490723, NFound: 10, Coef: 10
