Round: 1, Attack Type: Statistical Attack, Error: 0, Time: 0.08324694633483887, NFound: 5, Coef: 8
Round: 2, Attack Type: Statistical Attack, Error: 0, Time: 0.10179710388183594, NFound: 10, Coef: 10
