Round: 1, Attack Type: Statistical Attack, Error: 0, Time: 0.07189393043518066, NFound: 5, Coef: 8
Round: 2, Attack Type: Statistical Attack, Error: 0, Time: 0.09051871299743652, NFound: 10, Coef: 10
