Round: 1, Attack Type: Statistical Attack, Error: 0, Time: 0.08438396453857422, NFound: 5, Coef: 8
Round: 2, Attack Type: Statistical Attack, Error: 0, Time: 0.09417128562927246, NFound: 10, Coef: 10
