Round: 1, Attack Type: Statistical Attack, Error: 0, Time: 0.08053398132324219, NFound: 10, Coef: 10
Round: 2, Attack Type: Statistical Attack, Error: 0, Time: 0.0836191177368164, NFound: 10, Coef: 10
