Round: 1, Attack Type: Statistical Attack, Error: 0, Time: 0.07271599769592285, NFound: 5, Coef: 8
Round: 2, Attack Type: Statistical Attack, Error: 0, Time: 0.0799868106842041, NFound: 10, Coef: 10
