Round: 1, Attack Type: Statistical Attack, Error: 0, Time: 0.07326126098632812, NFound: 5, Coef: 8
Round: 2, Attack Type: Statistical Attack, Error: 0, Time: 0.08826088905334473, NFound: 10, Coef: 10
