Round: 1, Attack Type: Statistical Attack, Error: 0, Time: 0.07649803161621094, NFound: 10, Coef: 10
Round: 2, Attack Type: Statistical Attack, Error: 0, Time: 0.07927703857421875, NFound: 10, Coef: 10
