Round: 1, Attack Type: Statistical Attack, Error: 0, Time: 0.07808208465576172, NFound: 5, Coef: 8
Round: 2, Attack Type: Statistical Attack, Error: 0, Time: 0.07845878601074219, NFound: 10, Coef: 10
