Round: 1, Attack Type: Statistical Attack, Error: 0, Time: 0.0802161693572998, NFound: 10, Coef: 10
Round: 2, Attack Type: Statistical Attack, Error: 0, Time: 0.09181594848632812, NFound: 10, Coef: 10
