Round: 1, Attack Type: Statistical Attack, Error: 0, Time: 0.06627583503723145, NFound: 10, Coef: 10
Round: 2, Attack Type: Statistical Attack, Error: 0, Time: 0.0856168270111084, NFound: 10, Coef: 10
