Round: 1, Attack Type: Statistical Attack, Error: 0, Time: 0.07403397560119629, NFound: 10, Coef: 10
Round: 2, Attack Type: Statistical Attack, Error: 0, Time: 0.09525918960571289, NFound: 10, Coef: 10
