Round: 1, Attack Type: Statistical Attack, Error: 0, Time: 0.06507492065429688, NFound: 10, Coef: 10
Round: 2, Attack Type: Statistical Attack, Error: 0, Time: 0.07201409339904785, NFound: 10, Coef: 10
