Round: 1, Attack Type: Statistical Attack, Error: 0, Time: 0.07205986976623535, NFound: 5, Coef: 8
Round: 2, Attack Type: Statistical Attack, Error: 0, Time: 0.08184003829956055, NFound: 10, Coef: 10
