Round: 1, Attack Type: Statistical Attack, Error: 0, Time: 0.06959319114685059, NFound: 5, Coef: 8
Round: 2, Attack Type: Statistical Attack, Error: 0, Time: 0.08182191848754883, NFound: 10, Coef: 10
