Round: 1, Attack Type: Statistical Attack, Error: 0, Time: 0.0822300910949707, NFound: 5, Coef: 8
Round: 2, Attack Type: Statistical Attack, Error: 0, Time: 0.09297418594360352, NFound: 10, Coef: 10
