Round: 1, Attack Type: Statistical Attack, Error: 0, Time: 0.07920289039611816, NFound: 10, Coef: 10
Round: 2, Attack Type: Statistical Attack, Error: 0, Time: 0.08271002769470215, NFound: 10, Coef: 10
