Round: 1, Attack Type: Statistical Attack, Error: 0, Time: 0.08011412620544434, NFound: 5, Coef: 8
Round: 2, Attack Type: Statistical Attack, Error: 0, Time: 0.08672404289245605, NFound: 10, Coef: 10
