Round: 1, Attack Type: Statistical Attack, Error: 0, Time: 0.09294915199279785, NFound: 9, Coef: 8
Round: 2, Attack Type: Statistical Attack, Error: 0, Time: 0.09927988052368164, NFound: 10, Coef: 10
