Round: 1, Attack Type: Statistical Attack, Error: 0, Time: 0.07807087898254395, NFound: 10, Coef: 10
Round: 2, Attack Type: Statistical Attack, Error: 0, Time: 0.08109903335571289, NFound: 10, Coef: 10
