Round: 1, Attack Type: Statistical Attack, Error: 0, Time: 0.09873008728027344, NFound: 5, Coef: 8
Round: 2, Attack Type: Statistical Attack, Error: 0, Time: 0.10540294647216797, NFound: 10, Coef: 10
