Round: 1, Attack Type: Statistical Attack, Error: 0, Time: 0.09165692329406738, NFound: 5, Coef: 8
Round: 2, Attack Type: Statistical Attack, Error: 0, Time: 0.10329484939575195, NFound: 10, Coef: 10
