Round: 1, Attack Type: Statistical Attack, Error: 0, Time: 0.08326005935668945, NFound: 5, Coef: 8
Round: 2, Attack Type: Statistical Attack, Error: 0, Time: 0.10087704658508301, NFound: 10, Coef: 10
