Round: 1, Attack Type: Statistical Attack, Error: 0, Time: 0.1109769344329834, NFound: 10, Coef: 10
Round: 2, Attack Type: Statistical Attack, Error: 0, Time: 0.11542320251464844, NFound: 10, Coef: 10
