Round: 1, Attack Type: Statistical Attack, Error: 0, Time: 0.06053900718688965, NFound: 5, Coef: 8
Round: 2, Attack Type: Statistical Attack, Error: 0, Time: 0.06699895858764648, NFound: 10, Coef: 10
