Round: 1, Attack Type: Statistical Attack, Error: 0, Time: 0.07784914970397949, NFound: 10, Coef: 10
Round: 2, Attack Type: Statistical Attack, Error: 0, Time: 0.08608889579772949, NFound: 10, Coef: 10
