Round: 1, Attack Type: Statistical Attack, Error: 0, Time: 0.08860492706298828, NFound: 5, Coef: 8
Round: 2, Attack Type: Statistical Attack, Error: 0, Time: 0.09265685081481934, NFound: 10, Coef: 10
