Round: 1, Attack Type: Statistical Attack, Error: 0, Time: 0.06359291076660156, NFound: 10, Coef: 10
Round: 2, Attack Type: Statistical Attack, Error: 0, Time: 0.06411910057067871, NFound: 10, Coef: 10
