Round: 1, Attack Type: Statistical Attack, Error: 0, Time: 0.07176089286804199, NFound: 10, Coef: 10
Round: 2, Attack Type: Statistical Attack, Error: 0, Time: 0.07955408096313477, NFound: 10, Coef: 10
