Round: 1, Attack Type: Statistical Attack, Error: 0, Time: 0.07745575904846191, NFound: 5, Coef: 8
Round: 2, Attack Type: Statistical Attack, Error: 0, Time: 0.08293294906616211, NFound: 10, Coef: 10
