Round: 1, Attack Type: Statistical Attack, Error: 0, Time: 0.0713958740234375, NFound: 5, Coef: 8
Round: 2, Attack Type: Statistical Attack, Error: 0, Time: 0.07798004150390625, NFound: 10, Coef: 10
