Round: 1, Attack Type: Statistical Attack, Error: 0, Time: 0.07867026329040527, NFound: 5, Coef: 8
Round: 2, Attack Type: Statistical Attack, Error: 0, Time: 0.07981395721435547, NFound: 10, Coef: 10
