Round: 1, Attack Type: Statistical Attack, Error: 0, Time: 0.08813619613647461, NFound: 10, Coef: 10
Round: 2, Attack Type: Statistical Attack, Error: 0, Time: 0.1037759780883789, NFound: 10, Coef: 10
