Round: 1, Attack Type: Statistical Attack, Error: 0, Time: 0.05996060371398926, NFound: 10, Coef: 10
Round: 2, Attack Type: Statistical Attack, Error: 0, Time: 0.06696510314941406, NFound: 10, Coef: 10
