Round: 1, Attack Type: Statistical Attack, Error: 0, Time: 0.08376097679138184, NFound: 5, Coef: 8
Round: 2, Attack Type: Statistical Attack, Error: 0, Time: 0.09090805053710938, NFound: 10, Coef: 10
