Round: 1, Attack Type: Statistical Attack, Error: 0, Time: 0.06241726875305176, NFound: 5, Coef: 8
Round: 2, Attack Type: Statistical Attack, Error: 0, Time: 0.06752991676330566, NFound: 10, Coef: 10
