Round: 1, Attack Type: Statistical Attack, Error: 0, Time: 0.06939697265625, NFound: 10, Coef: 10
Round: 2, Attack Type: Statistical Attack, Error: 0, Time: 0.08641886711120605, NFound: 10, Coef: 10
