Round: 1, Attack Type: Statistical Attack, Error: 0, Time: 0.07558894157409668, NFound: 10, Coef: 10
Round: 2, Attack Type: Statistical Attack, Error: 0, Time: 0.0879371166229248, NFound: 10, Coef: 10
