Round: 1, Attack Type: Statistical Attack, Error: 0, Time: 0.06092023849487305, NFound: 10, Coef: 10
Round: 2, Attack Type: Statistical Attack, Error: 0, Time: 0.07123279571533203, NFound: 10, Coef: 10
