Round: 1, Attack Type: Statistical Attack, Error: 0, Time: 0.09101176261901855, NFound: 5, Coef: 8
Round: 2, Attack Type: Statistical Attack, Error: 0, Time: 0.0924382209777832, NFound: 10, Coef: 10
