Round: 1, Attack Type: Statistical Attack, Error: 0, Time: 0.07419610023498535, NFound: 10, Coef: 10
Round: 2, Attack Type: Statistical Attack, Error: 0, Time: 0.07803511619567871, NFound: 10, Coef: 10
