Round: 1, Attack Type: Statistical Attack, Error: 0, Time: 0.09280109405517578, NFound: 10, Coef: 10
Round: 2, Attack Type: Statistical Attack, Error: 0, Time: 0.10811710357666016, NFound: 10, Coef: 10
