Round: 1, Attack Type: Statistical Attack, Error: 0, Time: 0.08545303344726562, NFound: 5, Coef: 8
Round: 2, Attack Type: Statistical Attack, Error: 0, Time: 0.09896111488342285, NFound: 10, Coef: 10
