Round: 1, Attack Type: Statistical Attack, Error: 0, Time: 0.09257721900939941, NFound: 9, Coef: 8
Round: 2, Attack Type: Statistical Attack, Error: 0, Time: 0.09547686576843262, NFound: 10, Coef: 10
