Round: 1, Attack Type: Statistical Attack, Error: 0, Time: 0.09002494812011719, NFound: 5, Coef: 8
Round: 2, Attack Type: Statistical Attack, Error: 0, Time: 0.08124876022338867, NFound: 10, Coef: 10
