Round: 1, Attack Type: Statistical Attack, Error: 0, Time: 0.17552900314331055, NFound: 5, Coef: 8
Round: 2, Attack Type: Statistical Attack, Error: 0, Time: 0.09962701797485352, NFound: 10, Coef: 10
