Round: 1, Attack Type: Statistical Attack, Error: 0, Time: 0.08169913291931152, NFound: 10, Coef: 10
Round: 2, Attack Type: Statistical Attack, Error: 0, Time: 0.08923101425170898, NFound: 10, Coef: 10
