Round: 1, Attack Type: Statistical Attack, Error: 0, Time: 0.08713388442993164, NFound: 10, Coef: 10
Round: 2, Attack Type: Statistical Attack, Error: 0, Time: 0.10054993629455566, NFound: 10, Coef: 10
