Round: 1, Attack Type: Statistical Attack, Error: 0, Time: 0.09097599983215332, NFound: 10, Coef: 10
Round: 2, Attack Type: Statistical Attack, Error: 0, Time: 0.09947896003723145, NFound: 10, Coef: 10
