Round: 1, Attack Type: Statistical Attack, Error: 0, Time: 0.10561299324035645, NFound: 5, Coef: 8
Round: 2, Attack Type: Statistical Attack, Error: 0, Time: 0.10963797569274902, NFound: 10, Coef: 10
