Round: 1, Attack Type: Statistical Attack, Error: 0, Time: 0.11222004890441895, NFound: 5, Coef: 8
Round: 2, Attack Type: Statistical Attack, Error: 0, Time: 0.0968790054321289, NFound: 10, Coef: 10
