Round: 1, Attack Type: Statistical Attack, Error: 0, Time: 0.07254767417907715, NFound: 5, Coef: 8
Round: 2, Attack Type: Statistical Attack, Error: 0, Time: 0.08400106430053711, NFound: 10, Coef: 10
