Round: 1, Attack Type: Statistical Attack, Error: 0, Time: 0.0638427734375, NFound: 5, Coef: 8
Round: 2, Attack Type: Statistical Attack, Error: 0, Time: 0.07019400596618652, NFound: 10, Coef: 10
