Round: 1, Attack Type: Statistical Attack, Error: 0, Time: 0.07372903823852539, NFound: 10, Coef: 10
Round: 2, Attack Type: Statistical Attack, Error: 0, Time: 0.0885157585144043, NFound: 10, Coef: 10
