Round: 1, Attack Type: Statistical Attack, Error: 0, Time: 0.07924890518188477, NFound: 5, Coef: 8
Round: 2, Attack Type: Statistical Attack, Error: 0, Time: 0.08739113807678223, NFound: 10, Coef: 10
