Round: 1, Attack Type: Statistical Attack, Error: 0, Time: 0.0803678035736084, NFound: 5, Coef: 8
Round: 2, Attack Type: Statistical Attack, Error: 0, Time: 0.09712505340576172, NFound: 9, Coef: 8
