Round: 1, Attack Type: Statistical Attack, Error: 0, Time: 0.07423281669616699, NFound: 10, Coef: 10
Round: 2, Attack Type: Statistical Attack, Error: 0, Time: 0.07714128494262695, NFound: 10, Coef: 10
