Round: 1, Attack Type: Statistical Attack, Error: 0, Time: 0.09667491912841797, NFound: 10, Coef: 10
Round: 2, Attack Type: Statistical Attack, Error: 0, Time: 0.09886837005615234, NFound: 10, Coef: 10
