Round: 1, Attack Type: Statistical Attack, Error: 0, Time: 0.0775749683380127, NFound: 5, Coef: 8
Round: 2, Attack Type: Statistical Attack, Error: 0, Time: 0.07659292221069336, NFound: 10, Coef: 10
