Round: 1, Attack Type: Statistical Attack, Error: 0, Time: 0.07032299041748047, NFound: 10, Coef: 10
Round: 2, Attack Type: Statistical Attack, Error: 0, Time: 0.08984899520874023, NFound: 10, Coef: 10
