Round: 1, Attack Type: Statistical Attack, Error: 0, Time: 0.0924689769744873, NFound: 10, Coef: 10
Round: 2, Attack Type: Statistical Attack, Error: 0, Time: 0.09079980850219727, NFound: 10, Coef: 10
