Round: 1, Attack Type: Statistical Attack, Error: 0, Time: 0.07515597343444824, NFound: 5, Coef: 8
Round: 2, Attack Type: Statistical Attack, Error: 0, Time: 0.07985591888427734, NFound: 10, Coef: 10
