Round: 1, Attack Type: Statistical Attack, Error: 0, Time: 0.09751176834106445, NFound: 5, Coef: 8
Round: 2, Attack Type: Statistical Attack, Error: 0, Time: 0.10332512855529785, NFound: 10, Coef: 10
