Round: 1, Attack Type: Statistical Attack, Error: 0, Time: 0.07805109024047852, NFound: 5, Coef: 8
Round: 2, Attack Type: Statistical Attack, Error: 0, Time: 0.08519220352172852, NFound: 10, Coef: 10
