Round: 1, Attack Type: Statistical Attack, Error: 0, Time: 0.11192202568054199, NFound: 10, Coef: 10
Round: 2, Attack Type: Statistical Attack, Error: 0, Time: 0.11062502861022949, NFound: 10, Coef: 10
