Round: 1, Attack Type: Statistical Attack, Error: 0, Time: 0.08074307441711426, NFound: 5, Coef: 8
Round: 2, Attack Type: Statistical Attack, Error: 0, Time: 0.09356212615966797, NFound: 9, Coef: 8
