Round: 1, Attack Type: Statistical Attack, Error: 0, Time: 0.06363415718078613, NFound: 10, Coef: 10
Round: 2, Attack Type: Statistical Attack, Error: 0, Time: 0.06618094444274902, NFound: 10, Coef: 10
