Round: 1, Attack Type: Statistical Attack, Error: 0, Time: 0.11597800254821777, NFound: 2, Coef: 2
Round: 2, Attack Type: Statistical Attack, Error: 0, Time: 0.09163999557495117, NFound: 1, Coef: 4
