Round: 1, Attack Type: Statistical Attack, Error: 0, Time: 0.06865477561950684, NFound: 10, Coef: 10
Round: 2, Attack Type: Statistical Attack, Error: 0, Time: 0.08265805244445801, NFound: 10, Coef: 10
