Round: 1, Attack Type: Statistical Attack, Error: 0, Time: 0.0817878246307373, NFound: 10, Coef: 10
Round: 2, Attack Type: Statistical Attack, Error: 0, Time: 0.08618998527526855, NFound: 10, Coef: 10
