Round: 1, Attack Type: Statistical Attack, Error: 0, Time: 0.08910012245178223, NFound: 5, Coef: 8
Round: 2, Attack Type: Statistical Attack, Error: 0, Time: 0.10080885887145996, NFound: 10, Coef: 10
