Round: 1, Attack Type: Statistical Attack, Error: 0, Time: 0.07460975646972656, NFound: 5, Coef: 8
Round: 2, Attack Type: Statistical Attack, Error: 0, Time: 0.0847320556640625, NFound: 10, Coef: 10
