Round: 1, Attack Type: Statistical Attack, Error: 0, Time: 0.07119393348693848, NFound: 10, Coef: 10
Round: 2, Attack Type: Statistical Attack, Error: 0, Time: 0.08147096633911133, NFound: 10, Coef: 10
