Round: 1, Attack Type: Statistical Attack, Error: 0, Time: 0.0800168514251709, NFound: 10, Coef: 10
Round: 2, Attack Type: Statistical Attack, Error: 0, Time: 0.07713723182678223, NFound: 10, Coef: 10
