Round: 1, Attack Type: Statistical Attack, Error: 0, Time: 0.10697507858276367, NFound: 5, Coef: 8
Round: 2, Attack Type: Statistical Attack, Error: 0, Time: 0.11501717567443848, NFound: 10, Coef: 10
