Round: 1, Attack Type: Statistical Attack, Error: 0, Time: 0.08361601829528809, NFound: 10, Coef: 10
Round: 2, Attack Type: Statistical Attack, Error: 0, Time: 0.08900594711303711, NFound: 10, Coef: 10
