Round: 1, Attack Type: Statistical Attack, Error: 0, Time: 0.08440518379211426, NFound: 5, Coef: 8
Round: 2, Attack Type: Statistical Attack, Error: 0, Time: 0.08869695663452148, NFound: 10, Coef: 10
