Round: 1, Attack Type: Statistical Attack, Error: 0, Time: 0.08113694190979004, NFound: 5, Coef: 8
Round: 2, Attack Type: Statistical Attack, Error: 0, Time: 0.0881500244140625, NFound: 10, Coef: 10
