Round: 1, Attack Type: Statistical Attack, Error: 0, Time: 0.08869504928588867, NFound: 5, Coef: 8
Round: 2, Attack Type: Statistical Attack, Error: 0, Time: 0.1086277961730957, NFound: 10, Coef: 10
