Round: 1, Attack Type: Statistical Attack, Error: 0, Time: 0.07525086402893066, NFound: 5, Coef: 8
Round: 2, Attack Type: Statistical Attack, Error: 0, Time: 0.07889485359191895, NFound: 10, Coef: 10
