Round: 1, Attack Type: Statistical Attack, Error: 0, Time: 0.07143616676330566, NFound: 5, Coef: 8
Round: 2, Attack Type: Statistical Attack, Error: 0, Time: 0.08390998840332031, NFound: 10, Coef: 10
