Round: 1, Attack Type: Statistical Attack, Error: 0, Time: 0.0805668830871582, NFound: 5, Coef: 8
Round: 2, Attack Type: Statistical Attack, Error: 0, Time: 0.09125185012817383, NFound: 9, Coef: 8
