Round: 1, Attack Type: Statistical Attack, Error: 0, Time: 0.08820486068725586, NFound: 10, Coef: 10
Round: 2, Attack Type: Statistical Attack, Error: 0, Time: 0.09715771675109863, NFound: 10, Coef: 10
