Round: 1, Attack Type: Statistical Attack, Error: 0, Time: 0.07869791984558105, NFound: 10, Coef: 10
Round: 2, Attack Type: Statistical Attack, Error: 0, Time: 0.0805511474609375, NFound: 10, Coef: 10
