Round: 1, Attack Type: Statistical Attack, Error: 0, Time: 0.10341668128967285, NFound: 10, Coef: 10
Round: 2, Attack Type: Statistical Attack, Error: 0, Time: 0.10649800300598145, NFound: 10, Coef: 10
