Round: 1, Attack Type: Statistical Attack, Error: 0, Time: 0.07644510269165039, NFound: 10, Coef: 10
Round: 2, Attack Type: Statistical Attack, Error: 0, Time: 0.07929706573486328, NFound: 10, Coef: 10
