Round: 1, Attack Type: Statistical Attack, Error: 0, Time: 0.06382012367248535, NFound: 5, Coef: 8
Round: 2, Attack Type: Statistical Attack, Error: 0, Time: 0.06383705139160156, NFound: 10, Coef: 10
