Round: 1, Attack Type: Statistical Attack, Error: 0, Time: 0.07107257843017578, NFound: 10, Coef: 10
Round: 2, Attack Type: Statistical Attack, Error: 0, Time: 0.07712125778198242, NFound: 10, Coef: 10
