Round: 1, Attack Type: Statistical Attack, Error: 0, Time: 0.07912898063659668, NFound: 5, Coef: 8
Round: 2, Attack Type: Statistical Attack, Error: 0, Time: 0.09221720695495605, NFound: 10, Coef: 10
