Round: 1, Attack Type: Statistical Attack, Error: 0, Time: 0.08184480667114258, NFound: 5, Coef: 8
Round: 2, Attack Type: Statistical Attack, Error: 0, Time: 0.08311700820922852, NFound: 10, Coef: 10
