Round: 1, Attack Type: Statistical Attack, Error: 0, Time: 0.0927267074584961, NFound: 10, Coef: 10
Round: 2, Attack Type: Statistical Attack, Error: 0, Time: 0.0934610366821289, NFound: 10, Coef: 10
