Round: 1, Attack Type: Statistical Attack, Error: 0, Time: 0.07465100288391113, NFound: 10, Coef: 10
Round: 2, Attack Type: Statistical Attack, Error: 0, Time: 0.08046269416809082, NFound: 10, Coef: 10
