Round: 1, Attack Type: Statistical Attack, Error: 0, Time: 0.07535481452941895, NFound: 5, Coef: 8
Round: 2, Attack Type: Statistical Attack, Error: 0, Time: 0.08103394508361816, NFound: 10, Coef: 10
