Round: 1, Attack Type: Statistical Attack, Error: 0, Time: 0.0728006362915039, NFound: 10, Coef: 10
Round: 2, Attack Type: Statistical Attack, Error: 0, Time: 0.08424687385559082, NFound: 10, Coef: 10
