Round: 1, Attack Type: Statistical Attack, Error: 0, Time: 0.07343173027038574, NFound: 10, Coef: 10
Round: 2, Attack Type: Statistical Attack, Error: 0, Time: 0.07320094108581543, NFound: 10, Coef: 10
