Round: 1, Attack Type: Statistical Attack, Error: 0, Time: 0.11022424697875977, NFound: 5, Coef: 8
Round: 2, Attack Type: Statistical Attack, Error: 0, Time: 0.11972594261169434, NFound: 10, Coef: 10
