Round: 1, Attack Type: Statistical Attack, Error: 0, Time: 0.08205294609069824, NFound: 5, Coef: 8
Round: 2, Attack Type: Statistical Attack, Error: 0, Time: 0.07786107063293457, NFound: 10, Coef: 10
