Round: 1, Attack Type: Statistical Attack, Error: 0, Time: 0.07474994659423828, NFound: 10, Coef: 10
Round: 2, Attack Type: Statistical Attack, Error: 0, Time: 0.09183216094970703, NFound: 10, Coef: 10
