Round: 1, Attack Type: Statistical Attack, Error: 0, Time: 0.07973980903625488, NFound: 10, Coef: 10
Round: 2, Attack Type: Statistical Attack, Error: 0, Time: 0.08392024040222168, NFound: 10, Coef: 10
