Round: 1, Attack Type: Statistical Attack, Error: 0, Time: 0.07542300224304199, NFound: 5, Coef: 8
Round: 2, Attack Type: Statistical Attack, Error: 0, Time: 0.07751011848449707, NFound: 10, Coef: 10
