Round: 1, Attack Type: Statistical Attack, Error: 0, Time: 0.09634208679199219, NFound: 5, Coef: 8
Round: 2, Attack Type: Statistical Attack, Error: 0, Time: 0.09642887115478516, NFound: 10, Coef: 10
