Round: 1, Attack Type: Statistical Attack, Error: 0, Time: 0.08221912384033203, NFound: 5, Coef: 8
Round: 2, Attack Type: Statistical Attack, Error: 0, Time: 0.08669018745422363, NFound: 10, Coef: 10
