Round: 1, Attack Type: Statistical Attack, Error: 0, Time: 0.07123589515686035, NFound: 5, Coef: 8
Round: 2, Attack Type: Statistical Attack, Error: 0, Time: 0.08013010025024414, NFound: 10, Coef: 10
