Round: 1, Attack Type: Statistical Attack, Error: 0, Time: 0.07170295715332031, NFound: 10, Coef: 10
Round: 2, Attack Type: Statistical Attack, Error: 0, Time: 0.0846719741821289, NFound: 10, Coef: 10
