Round: 1, Attack Type: Statistical Attack, Error: 0, Time: 0.0600438117980957, NFound: 5, Coef: 8
Round: 2, Attack Type: Statistical Attack, Error: 0, Time: 0.07047080993652344, NFound: 10, Coef: 10
