Round: 1, Attack Type: Statistical Attack, Error: 0, Time: 0.08578705787658691, NFound: 10, Coef: 10
Round: 2, Attack Type: Statistical Attack, Error: 0, Time: 0.08144998550415039, NFound: 10, Coef: 10
