Round: 1, Attack Type: Statistical Attack, Error: 0, Time: 0.07616400718688965, NFound: 10, Coef: 10
Round: 2, Attack Type: Statistical Attack, Error: 0, Time: 0.10577106475830078, NFound: 10, Coef: 10
