Round: 1, Attack Type: Statistical Attack, Error: 0, Time: 0.08835816383361816, NFound: 10, Coef: 10
Round: 2, Attack Type: Statistical Attack, Error: 0, Time: 0.07791304588317871, NFound: 10, Coef: 10
