Round: 1, Attack Type: Statistical Attack, Error: 0, Time: 0.0961000919342041, NFound: 10, Coef: 10
Round: 2, Attack Type: Statistical Attack, Error: 0, Time: 0.09994816780090332, NFound: 10, Coef: 10
