Round: 1, Attack Type: Statistical Attack, Error: 0, Time: 0.07529807090759277, NFound: 5, Coef: 8
Round: 2, Attack Type: Statistical Attack, Error: 0, Time: 0.07570981979370117, NFound: 10, Coef: 10
