Round: 1, Attack Type: Statistical Attack, Error: 0, Time: 0.07776594161987305, NFound: 5, Coef: 8
Round: 2, Attack Type: Statistical Attack, Error: 0, Time: 0.08045005798339844, NFound: 10, Coef: 10
