Round: 1, Attack Type: Statistical Attack, Error: 0, Time: 0.07246899604797363, NFound: 10, Coef: 10
Round: 2, Attack Type: Statistical Attack, Error: 0, Time: 0.08175373077392578, NFound: 10, Coef: 10
