Round: 1, Attack Type: Statistical Attack, Error: 0, Time: 0.08554482460021973, NFound: 5, Coef: 8
Round: 2, Attack Type: Statistical Attack, Error: 0, Time: 0.08859801292419434, NFound: 10, Coef: 10
