Round: 1, Attack Type: Statistical Attack, Error: 0, Time: 0.07370710372924805, NFound: 5, Coef: 8
Round: 2, Attack Type: Statistical Attack, Error: 0, Time: 0.08474326133728027, NFound: 9, Coef: 8
