Round: 1, Attack Type: Statistical Attack, Error: 0, Time: 0.09168410301208496, NFound: 5, Coef: 8
Round: 2, Attack Type: Statistical Attack, Error: 0, Time: 0.09943413734436035, NFound: 10, Coef: 10
