Round: 1, Attack Type: Statistical Attack, Error: 0, Time: 0.07646417617797852, NFound: 5, Coef: 8
Round: 2, Attack Type: Statistical Attack, Error: 0, Time: 0.08396172523498535, NFound: 10, Coef: 10
