Round: 1, Attack Type: Statistical Attack, Error: 0, Time: 0.08881902694702148, NFound: 10, Coef: 10
Round: 2, Attack Type: Statistical Attack, Error: 0, Time: 0.08744597434997559, NFound: 10, Coef: 10
