Round: 1, Attack Type: Statistical Attack, Error: 0, Time: 0.08685302734375, NFound: 10, Coef: 10
Round: 2, Attack Type: Statistical Attack, Error: 0, Time: 0.08060503005981445, NFound: 10, Coef: 10
