Round: 1, Attack Type: Statistical Attack, Error: 0, Time: 0.07365894317626953, NFound: 5, Coef: 8
Round: 2, Attack Type: Statistical Attack, Error: 0, Time: 0.08305978775024414, NFound: 10, Coef: 10
