Round: 1, Attack Type: Statistical Attack, Error: 0, Time: 0.07372426986694336, NFound: 10, Coef: 10
Round: 2, Attack Type: Statistical Attack, Error: 0, Time: 0.07756900787353516, NFound: 10, Coef: 10
