Round: 1, Attack Type: Statistical Attack, Error: 0, Time: 1.241976022720337, NFound: 9, Coef: 8
Round: 2, Attack Type: Statistical Attack, Error: 0, Time: 0.11347103118896484, NFound: 10, Coef: 10
