Round: 1, Attack Type: Statistical Attack, Error: 0, Time: 0.08346223831176758, NFound: 10, Coef: 10
Round: 2, Attack Type: Statistical Attack, Error: 0, Time: 0.09855103492736816, NFound: 10, Coef: 10
