Round: 1, Attack Type: Statistical Attack, Error: 0, Time: 0.05987906455993652, NFound: 10, Coef: 10
Round: 2, Attack Type: Statistical Attack, Error: 0, Time: 0.06316423416137695, NFound: 10, Coef: 10
