Round: 1, Attack Type: Statistical Attack, Error: 0, Time: 0.0803978443145752, NFound: 5, Coef: 8
Round: 2, Attack Type: Statistical Attack, Error: 0, Time: 0.07978224754333496, NFound: 10, Coef: 10
