Round: 1, Attack Type: Statistical Attack, Error: 0, Time: 0.07797718048095703, NFound: 5, Coef: 8
Round: 2, Attack Type: Statistical Attack, Error: 0, Time: 0.07781124114990234, NFound: 10, Coef: 10
