Round: 1, Attack Type: Statistical Attack, Error: 0, Time: 0.09768009185791016, NFound: 10, Coef: 10
Round: 2, Attack Type: Statistical Attack, Error: 0, Time: 0.10298275947570801, NFound: 10, Coef: 10
