Round: 1, Attack Type: Statistical Attack, Error: 0, Time: 0.06697702407836914, NFound: 10, Coef: 10
Round: 2, Attack Type: Statistical Attack, Error: 0, Time: 0.08398890495300293, NFound: 10, Coef: 10
