Round: 1, Attack Type: Statistical Attack, Error: 0, Time: 0.0750112533569336, NFound: 5, Coef: 8
Round: 2, Attack Type: Statistical Attack, Error: 0, Time: 0.08330774307250977, NFound: 10, Coef: 10
