Round: 1, Attack Type: Statistical Attack, Error: 0, Time: 0.08678317070007324, NFound: 10, Coef: 10
Round: 2, Attack Type: Statistical Attack, Error: 0, Time: 0.09465813636779785, NFound: 10, Coef: 10
