Round: 1, Attack Type: Statistical Attack, Error: 0, Time: 0.07708597183227539, NFound: 10, Coef: 10
Round: 2, Attack Type: Statistical Attack, Error: 0, Time: 0.08338427543640137, NFound: 10, Coef: 10
