Round: 1, Attack Type: Statistical Attack, Error: 0, Time: 0.06380891799926758, NFound: 5, Coef: 8
Round: 2, Attack Type: Statistical Attack, Error: 0, Time: 0.06530284881591797, NFound: 10, Coef: 10
