Round: 1, Attack Type: Statistical Attack, Error: 0, Time: 0.08985209465026855, NFound: 5, Coef: 8
Round: 2, Attack Type: Statistical Attack, Error: 0, Time: 0.0984961986541748, NFound: 10, Coef: 10
