Round: 1, Attack Type: Statistical Attack, Error: 0, Time: 0.07626008987426758, NFound: 10, Coef: 10
Round: 2, Attack Type: Statistical Attack, Error: 0, Time: 0.08632302284240723, NFound: 10, Coef: 10
