Round: 1, Attack Type: Statistical Attack, Error: 0, Time: 0.07702422142028809, NFound: 5, Coef: 8
Round: 2, Attack Type: Statistical Attack, Error: 0, Time: 0.07821822166442871, NFound: 10, Coef: 10
