Round: 1, Attack Type: Statistical Attack, Error: 0, Time: 0.0729379653930664, NFound: 10, Coef: 10
Round: 2, Attack Type: Statistical Attack, Error: 0, Time: 0.09100794792175293, NFound: 10, Coef: 10
