Round: 1, Attack Type: Statistical Attack, Error: 0, Time: 0.07636809349060059, NFound: 10, Coef: 10
Round: 2, Attack Type: Statistical Attack, Error: 0, Time: 0.07812213897705078, NFound: 10, Coef: 10
