Round: 1, Attack Type: Statistical Attack, Error: 0, Time: 0.08737397193908691, NFound: 5, Coef: 8
Round: 2, Attack Type: Statistical Attack, Error: 0, Time: 0.08695077896118164, NFound: 10, Coef: 10
