Round: 1, Attack Type: Statistical Attack, Error: 0, Time: 0.07605218887329102, NFound: 5, Coef: 8
Round: 2, Attack Type: Statistical Attack, Error: 0, Time: 0.0797271728515625, NFound: 10, Coef: 10
