Round: 1, Attack Type: Statistical Attack, Error: 0, Time: 0.09123396873474121, NFound: 5, Coef: 8
Round: 2, Attack Type: Statistical Attack, Error: 0, Time: 0.09666800498962402, NFound: 9, Coef: 8
