Round: 1, Attack Type: Statistical Attack, Error: 0, Time: 0.0865929126739502, NFound: 10, Coef: 10
Round: 2, Attack Type: Statistical Attack, Error: 0, Time: 0.10342621803283691, NFound: 10, Coef: 10
