Round: 1, Attack Type: Statistical Attack, Error: 0, Time: 0.13280105590820312, NFound: 5, Coef: 8
Round: 2, Attack Type: Statistical Attack, Error: 0, Time: 0.11542510986328125, NFound: 10, Coef: 10
