Round: 1, Attack Type: Statistical Attack, Error: 0, Time: 0.07521700859069824, NFound: 10, Coef: 10
Round: 2, Attack Type: Statistical Attack, Error: 0, Time: 0.08322501182556152, NFound: 10, Coef: 10
