Round: 1, Attack Type: Statistical Attack, Error: 0, Time: 0.07552123069763184, NFound: 10, Coef: 10
Round: 2, Attack Type: Statistical Attack, Error: 0, Time: 0.07702779769897461, NFound: 10, Coef: 10
