Round: 1, Attack Type: Statistical Attack, Error: 0, Time: 0.07192301750183105, NFound: 10, Coef: 10
Round: 2, Attack Type: Statistical Attack, Error: 0, Time: 0.08643913269042969, NFound: 10, Coef: 10
