Round: 1, Attack Type: Statistical Attack, Error: 0, Time: 0.09431791305541992, NFound: 10, Coef: 10
Round: 2, Attack Type: Statistical Attack, Error: 0, Time: 0.10629796981811523, NFound: 10, Coef: 10
