Round: 1, Attack Type: Statistical Attack, Error: 0, Time: 0.11540102958679199, NFound: 5, Coef: 8
Round: 2, Attack Type: Statistical Attack, Error: 0, Time: 0.11765575408935547, NFound: 10, Coef: 10
