Round: 1, Attack Type: Statistical Attack, Error: 0, Time: 0.10585904121398926, NFound: 5, Coef: 8
Round: 2, Attack Type: Statistical Attack, Error: 0, Time: 0.10981512069702148, NFound: 10, Coef: 10
