Round: 1, Attack Type: Statistical Attack, Error: 0, Time: 0.06861281394958496, NFound: 10, Coef: 10
Round: 2, Attack Type: Statistical Attack, Error: 0, Time: 0.08558416366577148, NFound: 10, Coef: 10
