Round: 1, Attack Type: Statistical Attack, Error: 0, Time: 0.07793998718261719, NFound: 5, Coef: 8
Round: 2, Attack Type: Statistical Attack, Error: 0, Time: 0.0899357795715332, NFound: 10, Coef: 10
