Round: 1, Attack Type: Statistical Attack, Error: 0, Time: 0.0695950984954834, NFound: 10, Coef: 10
Round: 2, Attack Type: Statistical Attack, Error: 0, Time: 0.08549308776855469, NFound: 10, Coef: 10
