Round: 1, Attack Type: Statistical Attack, Error: 0, Time: 0.07593107223510742, NFound: 10, Coef: 10
Round: 2, Attack Type: Statistical Attack, Error: 0, Time: 0.08049201965332031, NFound: 10, Coef: 10
