Round: 1, Attack Type: Statistical Attack, Error: 0, Time: 0.08076691627502441, NFound: 5, Coef: 8
Round: 2, Attack Type: Statistical Attack, Error: 0, Time: 0.07512712478637695, NFound: 10, Coef: 10
