Round: 1, Attack Type: Statistical Attack, Error: 0, Time: 0.1409440040588379, NFound: 5, Coef: 8
Round: 2, Attack Type: Statistical Attack, Error: 0, Time: 0.13898015022277832, NFound: 10, Coef: 10
