Round: 1, Attack Type: Statistical Attack, Error: 0, Time: 0.07053279876708984, NFound: 10, Coef: 10
Round: 2, Attack Type: Statistical Attack, Error: 0, Time: 0.08400607109069824, NFound: 10, Coef: 10
