Round: 1, Attack Type: Statistical Attack, Error: 0, Time: 0.10620522499084473, NFound: 5, Coef: 8
Round: 2, Attack Type: Statistical Attack, Error: 0, Time: 0.10946512222290039, NFound: 10, Coef: 10
