Round: 1, Attack Type: Statistical Attack, Error: 0, Time: 0.19050383567810059, NFound: 5, Coef: 8
Round: 2, Attack Type: Statistical Attack, Error: 0, Time: 0.15304875373840332, NFound: 10, Coef: 10
