Round: 1, Attack Type: Statistical Attack, Error: 0, Time: 0.10060906410217285, NFound: 5, Coef: 8
Round: 2, Attack Type: Statistical Attack, Error: 0, Time: 0.09908723831176758, NFound: 10, Coef: 10
