Round: 1, Attack Type: Statistical Attack, Error: 0, Time: 0.08767104148864746, NFound: 5, Coef: 8
Round: 2, Attack Type: Statistical Attack, Error: 0, Time: 0.10193204879760742, NFound: 10, Coef: 10
