Round: 1, Attack Type: Statistical Attack, Error: 0, Time: 0.07543826103210449, NFound: 5, Coef: 8
Round: 2, Attack Type: Statistical Attack, Error: 0, Time: 0.08077812194824219, NFound: 10, Coef: 10
