Round: 1, Attack Type: Statistical Attack, Error: 0, Time: 0.07119107246398926, NFound: 10, Coef: 10
Round: 2, Attack Type: Statistical Attack, Error: 0, Time: 0.07971310615539551, NFound: 10, Coef: 10
