Round: 1, Attack Type: Statistical Attack, Error: 0, Time: 0.07358574867248535, NFound: 10, Coef: 10
Round: 2, Attack Type: Statistical Attack, Error: 0, Time: 0.10709881782531738, NFound: 10, Coef: 10
