Round: 1, Attack Type: Statistical Attack, Error: 0, Time: 0.07122492790222168, NFound: 10, Coef: 10
Round: 2, Attack Type: Statistical Attack, Error: 0, Time: 0.08111214637756348, NFound: 10, Coef: 10
