Round: 1, Attack Type: Statistical Attack, Error: 0, Time: 0.0920109748840332, NFound: 10, Coef: 10
Round: 2, Attack Type: Statistical Attack, Error: 0, Time: 0.11892986297607422, NFound: 10, Coef: 10
