Round: 1, Attack Type: Statistical Attack, Error: 0, Time: 0.07960295677185059, NFound: 5, Coef: 8
Round: 2, Attack Type: Statistical Attack, Error: 0, Time: 0.0962669849395752, NFound: 10, Coef: 10
