Round: 1, Attack Type: Statistical Attack, Error: 0, Time: 0.07317709922790527, NFound: 10, Coef: 10
Round: 2, Attack Type: Statistical Attack, Error: 0, Time: 0.0774681568145752, NFound: 10, Coef: 10
