Round: 1, Attack Type: Statistical Attack, Error: 0, Time: 0.06816601753234863, NFound: 10, Coef: 10
Round: 2, Attack Type: Statistical Attack, Error: 0, Time: 0.09489107131958008, NFound: 9, Coef: 8
