Round: 1, Attack Type: Statistical Attack, Error: 0, Time: 0.07285904884338379, NFound: 5, Coef: 8
Round: 2, Attack Type: Statistical Attack, Error: 0, Time: 0.0845038890838623, NFound: 10, Coef: 10
