Round: 1, Attack Type: Statistical Attack, Error: 0, Time: 0.07240605354309082, NFound: 10, Coef: 10
Round: 2, Attack Type: Statistical Attack, Error: 0, Time: 0.09021711349487305, NFound: 10, Coef: 10
