Round: 1, Attack Type: Statistical Attack, Error: 0, Time: 0.08087515830993652, NFound: 5, Coef: 8
Round: 2, Attack Type: Statistical Attack, Error: 0, Time: 0.0842900276184082, NFound: 10, Coef: 10
