Round: 1, Attack Type: Statistical Attack, Error: 0, Time: 0.06169009208679199, NFound: 5, Coef: 8
Round: 2, Attack Type: Statistical Attack, Error: 0, Time: 0.06657099723815918, NFound: 10, Coef: 10
