Round: 1, Attack Type: Statistical Attack, Error: 0, Time: 0.07230591773986816, NFound: 10, Coef: 10
Round: 2, Attack Type: Statistical Attack, Error: 0, Time: 0.08895492553710938, NFound: 9, Coef: 8
