Round: 1, Attack Type: Statistical Attack, Error: 0, Time: 0.09239506721496582, NFound: 5, Coef: 8
Round: 2, Attack Type: Statistical Attack, Error: 0, Time: 0.09233403205871582, NFound: 10, Coef: 10
