Round: 1, Attack Type: Statistical Attack, Error: 0, Time: 0.06673884391784668, NFound: 10, Coef: 10
Round: 2, Attack Type: Statistical Attack, Error: 0, Time: 0.07711291313171387, NFound: 9, Coef: 8
