Round: 1, Attack Type: Statistical Attack, Error: 0, Time: 0.06050896644592285, NFound: 10, Coef: 10
Round: 2, Attack Type: Statistical Attack, Error: 0, Time: 0.07086992263793945, NFound: 10, Coef: 10
