Round: 1, Attack Type: Statistical Attack, Error: 0, Time: 0.07392406463623047, NFound: 10, Coef: 10
Round: 2, Attack Type: Statistical Attack, Error: 0, Time: 0.08268499374389648, NFound: 10, Coef: 10
