Round: 1, Attack Type: Statistical Attack, Error: 0, Time: 0.07950687408447266, NFound: 10, Coef: 10
Round: 2, Attack Type: Statistical Attack, Error: 0, Time: 0.0777583122253418, NFound: 10, Coef: 10
