Round: 1, Attack Type: Statistical Attack, Error: 0, Time: 0.08546090126037598, NFound: 5, Coef: 8
Round: 2, Attack Type: Statistical Attack, Error: 0, Time: 0.0946500301361084, NFound: 10, Coef: 10
