Round: 1, Attack Type: Statistical Attack, Error: 0, Time: 0.07763290405273438, NFound: 10, Coef: 10
Round: 2, Attack Type: Statistical Attack, Error: 0, Time: 0.07620024681091309, NFound: 10, Coef: 10
