Round: 1, Attack Type: Statistical Attack, Error: 0, Time: 0.09200525283813477, NFound: 10, Coef: 10
Round: 2, Attack Type: Statistical Attack, Error: 0, Time: 0.09387779235839844, NFound: 10, Coef: 10
