Round: 1, Attack Type: Statistical Attack, Error: 0, Time: 0.0729219913482666, NFound: 10, Coef: 10
Round: 2, Attack Type: Statistical Attack, Error: 0, Time: 0.07894682884216309, NFound: 10, Coef: 10
