Round: 1, Attack Type: Statistical Attack, Error: 0, Time: 0.07307004928588867, NFound: 10, Coef: 10
Round: 2, Attack Type: Statistical Attack, Error: 0, Time: 0.07508206367492676, NFound: 10, Coef: 10
