Round: 1, Attack Type: Statistical Attack, Error: 0, Time: 0.07321715354919434, NFound: 5, Coef: 8
Round: 2, Attack Type: Statistical Attack, Error: 0, Time: 0.07878708839416504, NFound: 10, Coef: 10
