Round: 1, Attack Type: Statistical Attack, Error: 0, Time: 0.0774228572845459, NFound: 10, Coef: 10
Round: 2, Attack Type: Statistical Attack, Error: 0, Time: 0.08517003059387207, NFound: 10, Coef: 10
