Round: 1, Attack Type: Statistical Attack, Error: 0, Time: 0.07113909721374512, NFound: 5, Coef: 8
Round: 2, Attack Type: Statistical Attack, Error: 0, Time: 0.08233880996704102, NFound: 9, Coef: 8
