Round: 1, Attack Type: Statistical Attack, Error: 0, Time: 0.10567617416381836, NFound: 5, Coef: 8
Round: 2, Attack Type: Statistical Attack, Error: 0, Time: 0.10979676246643066, NFound: 10, Coef: 10
