Round: 1, Attack Type: Statistical Attack, Error: 0, Time: 0.09045910835266113, NFound: 10, Coef: 10
Round: 2, Attack Type: Statistical Attack, Error: 0, Time: 0.1048431396484375, NFound: 10, Coef: 10
