Round: 1, Attack Type: Statistical Attack, Error: 0, Time: 0.0797569751739502, NFound: 10, Coef: 10
Round: 2, Attack Type: Statistical Attack, Error: 0, Time: 0.08138704299926758, NFound: 10, Coef: 10
