Round: 1, Attack Type: Statistical Attack, Error: 0, Time: 0.11168909072875977, NFound: 5, Coef: 8
Round: 2, Attack Type: Statistical Attack, Error: 0, Time: 0.11049222946166992, NFound: 10, Coef: 10
