Round: 1, Attack Type: Statistical Attack, Error: 0, Time: 0.07137370109558105, NFound: 10, Coef: 10
Round: 2, Attack Type: Statistical Attack, Error: 0, Time: 0.08570694923400879, NFound: 10, Coef: 10
