Round: 1, Attack Type: Statistical Attack, Error: 0, Time: 0.08997988700866699, NFound: 10, Coef: 10
Round: 2, Attack Type: Statistical Attack, Error: 0, Time: 0.11971187591552734, NFound: 10, Coef: 10
