Round: 1, Attack Type: Statistical Attack, Error: 0, Time: 0.12081193923950195, NFound: 5, Coef: 8
Round: 2, Attack Type: Statistical Attack, Error: 0, Time: 0.11882591247558594, NFound: 10, Coef: 10
