Round: 1, Attack Type: Statistical Attack, Error: 0, Time: 0.06678390502929688, NFound: 10, Coef: 10
Round: 2, Attack Type: Statistical Attack, Error: 0, Time: 0.07849597930908203, NFound: 10, Coef: 10
