Round: 1, Attack Type: Statistical Attack, Error: 0, Time: 0.09810996055603027, NFound: 5, Coef: 8
Round: 2, Attack Type: Statistical Attack, Error: 0, Time: 0.11736869812011719, NFound: 10, Coef: 10
