Round: 1, Attack Type: Statistical Attack, Error: 0, Time: 0.09308719635009766, NFound: 10, Coef: 10
Round: 2, Attack Type: Statistical Attack, Error: 0, Time: 0.10923385620117188, NFound: 9, Coef: 8
