Round: 1, Attack Type: Statistical Attack, Error: 0, Time: 0.07569003105163574, NFound: 5, Coef: 8
Round: 2, Attack Type: Statistical Attack, Error: 0, Time: 0.07887506484985352, NFound: 10, Coef: 10
