Round: 1, Attack Type: Statistical Attack, Error: 0, Time: 0.07491087913513184, NFound: 10, Coef: 10
Round: 2, Attack Type: Statistical Attack, Error: 0, Time: 0.08301019668579102, NFound: 10, Coef: 10
