Round: 1, Attack Type: Statistical Attack, Error: 0, Time: 0.06784892082214355, NFound: 5, Coef: 8
Round: 2, Attack Type: Statistical Attack, Error: 0, Time: 0.07343125343322754, NFound: 10, Coef: 10
