Round: 1, Attack Type: Statistical Attack, Error: 0, Time: 0.08229875564575195, NFound: 5, Coef: 8
Round: 2, Attack Type: Statistical Attack, Error: 0, Time: 0.10170984268188477, NFound: 10, Coef: 10
