Round: 1, Attack Type: Statistical Attack, Error: 0, Time: 0.07132220268249512, NFound: 10, Coef: 10
Round: 2, Attack Type: Statistical Attack, Error: 0, Time: 0.08079409599304199, NFound: 10, Coef: 10
