Round: 1, Attack Type: Statistical Attack, Error: 0, Time: 0.09425497055053711, NFound: 5, Coef: 8
Round: 2, Attack Type: Statistical Attack, Error: 0, Time: 0.09359216690063477, NFound: 10, Coef: 10
