Round: 1, Attack Type: Statistical Attack, Error: 0, Time: 0.07668304443359375, NFound: 10, Coef: 10
Round: 2, Attack Type: Statistical Attack, Error: 0, Time: 0.07655024528503418, NFound: 10, Coef: 10
