Round: 1, Attack Type: Statistical Attack, Error: 0, Time: 0.07769227027893066, NFound: 10, Coef: 10
Round: 2, Attack Type: Statistical Attack, Error: 0, Time: 0.08626484870910645, NFound: 10, Coef: 10
