Round: 1, Attack Type: Statistical Attack, Error: 0, Time: 0.08441925048828125, NFound: 10, Coef: 10
Round: 2, Attack Type: Statistical Attack, Error: 0, Time: 0.09150505065917969, NFound: 10, Coef: 10
