Round: 1, Attack Type: Statistical Attack, Error: 0, Time: 0.1016378402709961, NFound: 5, Coef: 8
Round: 2, Attack Type: Statistical Attack, Error: 0, Time: 0.11411809921264648, NFound: 10, Coef: 10
