Round: 1, Attack Type: Statistical Attack, Error: 0, Time: 0.08302187919616699, NFound: 5, Coef: 8
Round: 2, Attack Type: Statistical Attack, Error: 0, Time: 0.08540487289428711, NFound: 10, Coef: 10
