Round: 1, Attack Type: Statistical Attack, Error: 0, Time: 0.08104825019836426, NFound: 5, Coef: 8
Round: 2, Attack Type: Statistical Attack, Error: 0, Time: 0.07984304428100586, NFound: 10, Coef: 10
