Round: 1, Attack Type: Statistical Attack, Error: 0, Time: 0.0750269889831543, NFound: 10, Coef: 10
Round: 2, Attack Type: Statistical Attack, Error: 0, Time: 0.08658576011657715, NFound: 10, Coef: 10
