Round: 1, Attack Type: Statistical Attack, Error: 0, Time: 0.0751950740814209, NFound: 10, Coef: 10
Round: 2, Attack Type: Statistical Attack, Error: 0, Time: 0.09377408027648926, NFound: 10, Coef: 10
