Round: 1, Attack Type: Statistical Attack, Error: 0, Time: 0.08105182647705078, NFound: 10, Coef: 10
Round: 2, Attack Type: Statistical Attack, Error: 0, Time: 0.08266305923461914, NFound: 10, Coef: 10
