Round: 1, Attack Type: Statistical Attack, Error: 0, Time: 0.07892394065856934, NFound: 5, Coef: 8
Round: 2, Attack Type: Statistical Attack, Error: 0, Time: 0.0800321102142334, NFound: 10, Coef: 10
