Round: 1, Attack Type: Statistical Attack, Error: 0, Time: 0.08452129364013672, NFound: 10, Coef: 10
Round: 2, Attack Type: Statistical Attack, Error: 0, Time: 0.08985400199890137, NFound: 10, Coef: 10
