Round: 1, Attack Type: Statistical Attack, Error: 0, Time: 0.0753779411315918, NFound: 5, Coef: 8
Round: 2, Attack Type: Statistical Attack, Error: 0, Time: 0.08862996101379395, NFound: 10, Coef: 10
