Round: 1, Attack Type: Statistical Attack, Error: 0, Time: 0.07663488388061523, NFound: 5, Coef: 8
Round: 2, Attack Type: Statistical Attack, Error: 0, Time: 0.09145402908325195, NFound: 10, Coef: 10
