Round: 1, Attack Type: Statistical Attack, Error: 0, Time: 0.08634710311889648, NFound: 5, Coef: 8
Round: 2, Attack Type: Statistical Attack, Error: 0, Time: 0.10403609275817871, NFound: 10, Coef: 10
