Round: 1, Attack Type: Statistical Attack, Error: 0, Time: 0.06580519676208496, NFound: 5, Coef: 8
Round: 2, Attack Type: Statistical Attack, Error: 0, Time: 0.07182121276855469, NFound: 10, Coef: 10
