Round: 1, Attack Type: Statistical Attack, Error: 0, Time: 0.07705521583557129, NFound: 10, Coef: 10
Round: 2, Attack Type: Statistical Attack, Error: 0, Time: 0.08392620086669922, NFound: 10, Coef: 10
