Round: 1, Attack Type: Statistical Attack, Error: 0, Time: 0.0966498851776123, NFound: 5, Coef: 8
Round: 2, Attack Type: Statistical Attack, Error: 0, Time: 0.11328530311584473, NFound: 10, Coef: 10
