Round: 1, Attack Type: Statistical Attack, Error: 0, Time: 0.09086179733276367, NFound: 9, Coef: 8
Round: 2, Attack Type: Statistical Attack, Error: 0, Time: 0.10219597816467285, NFound: 10, Coef: 10
