Round: 1, Attack Type: Statistical Attack, Error: 0, Time: 0.05936098098754883, NFound: 10, Coef: 10
Round: 2, Attack Type: Statistical Attack, Error: 0, Time: 0.06763696670532227, NFound: 10, Coef: 10
