Round: 1, Attack Type: Statistical Attack, Error: 0, Time: 0.06965517997741699, NFound: 10, Coef: 10
Round: 2, Attack Type: Statistical Attack, Error: 0, Time: 0.08319616317749023, NFound: 9, Coef: 8
