Round: 1, Attack Type: Statistical Attack, Error: 0, Time: 0.09778881072998047, NFound: 5, Coef: 8
Round: 2, Attack Type: Statistical Attack, Error: 0, Time: 0.08367586135864258, NFound: 10, Coef: 10
