Round: 1, Attack Type: Statistical Attack, Error: 0, Time: 0.07830977439880371, NFound: 5, Coef: 8
Round: 2, Attack Type: Statistical Attack, Error: 0, Time: 0.08634805679321289, NFound: 9, Coef: 8
