Round: 1, Attack Type: Statistical Attack, Error: 0, Time: 0.08867812156677246, NFound: 10, Coef: 10
Round: 2, Attack Type: Statistical Attack, Error: 0, Time: 0.1114969253540039, NFound: 10, Coef: 10
