Round: 1, Attack Type: Statistical Attack, Error: 0, Time: 0.07768487930297852, NFound: 5, Coef: 8
Round: 2, Attack Type: Statistical Attack, Error: 0, Time: 0.08590292930603027, NFound: 10, Coef: 10
