Round: 1, Attack Type: Statistical Attack, Error: 0, Time: 0.10631084442138672, NFound: 10, Coef: 10
Round: 2, Attack Type: Statistical Attack, Error: 0, Time: 0.10646986961364746, NFound: 10, Coef: 10
