Round: 1, Attack Type: Statistical Attack, Error: 0, Time: 0.07226800918579102, NFound: 10, Coef: 10
Round: 2, Attack Type: Statistical Attack, Error: 0, Time: 0.08052802085876465, NFound: 10, Coef: 10
