Round: 1, Attack Type: Statistical Attack, Error: 0, Time: 0.0810081958770752, NFound: 9, Coef: 8
Round: 2, Attack Type: Statistical Attack, Error: 0, Time: 0.08220887184143066, NFound: 10, Coef: 10
