Round: 1, Attack Type: Statistical Attack, Error: 0, Time: 0.0987389087677002, NFound: 5, Coef: 8
Round: 2, Attack Type: Statistical Attack, Error: 0, Time: 0.11011099815368652, NFound: 10, Coef: 10
