Round: 1, Attack Type: Statistical Attack, Error: 0, Time: 0.09115099906921387, NFound: 5, Coef: 8
Round: 2, Attack Type: Statistical Attack, Error: 0, Time: 0.08576583862304688, NFound: 10, Coef: 10
