Round: 1, Attack Type: Statistical Attack, Error: 0, Time: 0.08382511138916016, NFound: 10, Coef: 10
Round: 2, Attack Type: Statistical Attack, Error: 0, Time: 0.10249495506286621, NFound: 9, Coef: 8
