Round: 1, Attack Type: Statistical Attack, Error: 0, Time: 0.0713338851928711, NFound: 5, Coef: 8
Round: 2, Attack Type: Statistical Attack, Error: 0, Time: 0.07636594772338867, NFound: 10, Coef: 10
