Round: 1, Attack Type: Statistical Attack, Error: 0, Time: 0.08925890922546387, NFound: 5, Coef: 8
Round: 2, Attack Type: Statistical Attack, Error: 0, Time: 0.09066390991210938, NFound: 10, Coef: 10
