Round: 1, Attack Type: Statistical Attack, Error: 0, Time: 0.05974173545837402, NFound: 5, Coef: 8
Round: 2, Attack Type: Statistical Attack, Error: 0, Time: 0.0670309066772461, NFound: 10, Coef: 10
