Round: 1, Attack Type: Statistical Attack, Error: 0, Time: 0.07589507102966309, NFound: 10, Coef: 10
Round: 2, Attack Type: Statistical Attack, Error: 0, Time: 0.09231805801391602, NFound: 10, Coef: 10
