Round: 1, Attack Type: Statistical Attack, Error: 0, Time: 0.09553313255310059, NFound: 5, Coef: 8
Round: 2, Attack Type: Statistical Attack, Error: 0, Time: 0.101409912109375, NFound: 10, Coef: 10
