Round: 1, Attack Type: Statistical Attack, Error: 0, Time: 0.09935283660888672, NFound: 10, Coef: 10
Round: 2, Attack Type: Statistical Attack, Error: 0, Time: 0.1062321662902832, NFound: 9, Coef: 8
