Round: 1, Attack Type: Statistical Attack, Error: 0, Time: 0.07681822776794434, NFound: 10, Coef: 10
Round: 2, Attack Type: Statistical Attack, Error: 0, Time: 0.08104419708251953, NFound: 10, Coef: 10
