Round: 1, Attack Type: Statistical Attack, Error: 0, Time: 0.09248995780944824, NFound: 10, Coef: 10
Round: 2, Attack Type: Statistical Attack, Error: 0, Time: 0.10731387138366699, NFound: 10, Coef: 10
