Round: 1, Attack Type: Statistical Attack, Error: 0, Time: 0.07294416427612305, NFound: 5, Coef: 8
Round: 2, Attack Type: Statistical Attack, Error: 0, Time: 0.09232687950134277, NFound: 10, Coef: 10
