Round: 1, Attack Type: Statistical Attack, Error: 0, Time: 0.07926297187805176, NFound: 10, Coef: 10
Round: 2, Attack Type: Statistical Attack, Error: 0, Time: 0.07834696769714355, NFound: 10, Coef: 10
