Round: 1, Attack Type: Statistical Attack, Error: 0, Time: 0.07726478576660156, NFound: 5, Coef: 8
Round: 2, Attack Type: Statistical Attack, Error: 0, Time: 0.08238101005554199, NFound: 10, Coef: 10
