Round: 1, Attack Type: Statistical Attack, Error: 0, Time: 0.07877373695373535, NFound: 5, Coef: 8
Round: 2, Attack Type: Statistical Attack, Error: 0, Time: 0.0778350830078125, NFound: 10, Coef: 10
