Round: 1, Attack Type: Statistical Attack, Error: 0, Time: 0.07038187980651855, NFound: 10, Coef: 10
Round: 2, Attack Type: Statistical Attack, Error: 0, Time: 0.07610487937927246, NFound: 10, Coef: 10
