Round: 1, Attack Type: Statistical Attack, Error: 0, Time: 0.09859919548034668, NFound: 5, Coef: 8
Round: 2, Attack Type: Statistical Attack, Error: 0, Time: 0.1101529598236084, NFound: 10, Coef: 10
