Round: 1, Attack Type: Statistical Attack, Error: 0, Time: 0.1260232925415039, NFound: 9, Coef: 8
Round: 2, Attack Type: Statistical Attack, Error: 0, Time: 0.12471389770507812, NFound: 10, Coef: 10
