Round: 1, Attack Type: Statistical Attack, Error: 0, Time: 0.09749507904052734, NFound: 10, Coef: 10
Round: 2, Attack Type: Statistical Attack, Error: 0, Time: 0.1079261302947998, NFound: 10, Coef: 10
