Round: 1, Attack Type: Statistical Attack, Error: 0, Time: 0.08039402961730957, NFound: 5, Coef: 8
Round: 2, Attack Type: Statistical Attack, Error: 0, Time: 0.0779118537902832, NFound: 10, Coef: 10
