Round: 1, Attack Type: Statistical Attack, Error: 0, Time: 0.09460783004760742, NFound: 5, Coef: 8
Round: 2, Attack Type: Statistical Attack, Error: 0, Time: 0.09486794471740723, NFound: 10, Coef: 10
