Round: 1, Attack Type: Statistical Attack, Error: 0, Time: 0.06956791877746582, NFound: 10, Coef: 10
Round: 2, Attack Type: Statistical Attack, Error: 0, Time: 0.09064817428588867, NFound: 9, Coef: 8
