Round: 1, Attack Type: Statistical Attack, Error: 0, Time: 0.0714559555053711, NFound: 5, Coef: 8
Round: 2, Attack Type: Statistical Attack, Error: 0, Time: 0.07901501655578613, NFound: 10, Coef: 10
