Round: 1, Attack Type: Statistical Attack, Error: 0, Time: 0.07687807083129883, NFound: 10, Coef: 10
Round: 2, Attack Type: Statistical Attack, Error: 0, Time: 0.08006405830383301, NFound: 10, Coef: 10
