Round: 1, Attack Type: Statistical Attack, Error: 0, Time: 0.08756709098815918, NFound: 5, Coef: 8
Round: 2, Attack Type: Statistical Attack, Error: 0, Time: 0.08546805381774902, NFound: 10, Coef: 10
