Round: 1, Attack Type: Statistical Attack, Error: 0, Time: 0.0884542465209961, NFound: 5, Coef: 8
Round: 2, Attack Type: Statistical Attack, Error: 0, Time: 0.10745000839233398, NFound: 10, Coef: 10
