Round: 1, Attack Type: Statistical Attack, Error: 0, Time: 0.06945681571960449, NFound: 10, Coef: 10
Round: 2, Attack Type: Statistical Attack, Error: 0, Time: 0.08003902435302734, NFound: 10, Coef: 10
