Round: 1, Attack Type: Statistical Attack, Error: 0, Time: 0.07341885566711426, NFound: 5, Coef: 8
Round: 2, Attack Type: Statistical Attack, Error: 0, Time: 0.07335186004638672, NFound: 10, Coef: 10
