Round: 1, Attack Type: Statistical Attack, Error: 0, Time: 0.05991387367248535, NFound: 5, Coef: 8
Round: 2, Attack Type: Statistical Attack, Error: 0, Time: 0.06598496437072754, NFound: 10, Coef: 10
