Round: 1, Attack Type: Statistical Attack, Error: 0, Time: 0.07988238334655762, NFound: 10, Coef: 10
Round: 2, Attack Type: Statistical Attack, Error: 0, Time: 0.07605504989624023, NFound: 10, Coef: 10
