Round: 1, Attack Type: Statistical Attack, Error: 0, Time: 0.07497382164001465, NFound: 5, Coef: 8
Round: 2, Attack Type: Statistical Attack, Error: 0, Time: 0.07679510116577148, NFound: 10, Coef: 10
