Round: 1, Attack Type: Statistical Attack, Error: 0, Time: 0.07375693321228027, NFound: 10, Coef: 10
Round: 2, Attack Type: Statistical Attack, Error: 0, Time: 0.07656383514404297, NFound: 10, Coef: 10
