Round: 1, Attack Type: Statistical Attack, Error: 0, Time: 0.08750295639038086, NFound: 5, Coef: 8
Round: 2, Attack Type: Statistical Attack, Error: 0, Time: 0.1001591682434082, NFound: 10, Coef: 10
