Round: 1, Attack Type: Statistical Attack, Error: 0, Time: 0.10716700553894043, NFound: 9, Coef: 9
Round: 2, Attack Type: Statistical Attack, Error: 0, Time: 0.09857511520385742, NFound: 10, Coef: 10
