Round: 1, Attack Type: Statistical Attack, Error: 0, Time: 0.0738229751586914, NFound: 5, Coef: 8
Round: 2, Attack Type: Statistical Attack, Error: 0, Time: 0.08112812042236328, NFound: 10, Coef: 10
