Round: 1, Attack Type: Statistical Attack, Error: 0, Time: 0.09649300575256348, NFound: 5, Coef: 8
Round: 2, Attack Type: Statistical Attack, Error: 0, Time: 0.11030697822570801, NFound: 10, Coef: 10
