Round: 1, Attack Type: Statistical Attack, Error: 0, Time: 0.07555007934570312, NFound: 10, Coef: 10
Round: 2, Attack Type: Statistical Attack, Error: 0, Time: 0.08349800109863281, NFound: 10, Coef: 10
