Round: 1, Attack Type: Statistical Attack, Error: 0, Time: 0.09708642959594727, NFound: 9, Coef: 8
Round: 2, Attack Type: Statistical Attack, Error: 0, Time: 0.10030508041381836, NFound: 10, Coef: 10
