Round: 1, Attack Type: Statistical Attack, Error: 0, Time: 0.06442880630493164, NFound: 10, Coef: 10
Round: 2, Attack Type: Statistical Attack, Error: 0, Time: 0.07436203956604004, NFound: 10, Coef: 10
