Round: 1, Attack Type: Statistical Attack, Error: 0, Time: 0.07463812828063965, NFound: 10, Coef: 10
Round: 2, Attack Type: Statistical Attack, Error: 0, Time: 0.08092904090881348, NFound: 10, Coef: 10
