Round: 1, Attack Type: Statistical Attack, Error: 0, Time: 0.06595301628112793, NFound: 5, Coef: 8
Round: 2, Attack Type: Statistical Attack, Error: 0, Time: 0.0702519416809082, NFound: 10, Coef: 10
