Round: 1, Attack Type: Statistical Attack, Error: 0, Time: 0.12571501731872559, NFound: 5, Coef: 8
Round: 2, Attack Type: Statistical Attack, Error: 0, Time: 0.12085604667663574, NFound: 10, Coef: 10
