Round: 1, Attack Type: Statistical Attack, Error: 0, Time: 0.09185504913330078, NFound: 5, Coef: 8
Round: 2, Attack Type: Statistical Attack, Error: 0, Time: 0.07656192779541016, NFound: 10, Coef: 10
