Round: 1, Attack Type: Statistical Attack, Error: 0, Time: 0.07843399047851562, NFound: 5, Coef: 8
Round: 2, Attack Type: Statistical Attack, Error: 0, Time: 0.08749794960021973, NFound: 10, Coef: 10
