Round: 1, Attack Type: Statistical Attack, Error: 0, Time: 0.09972405433654785, NFound: 5, Coef: 8
Round: 2, Attack Type: Statistical Attack, Error: 0, Time: 0.11319494247436523, NFound: 10, Coef: 10
