Round: 1, Attack Type: Statistical Attack, Error: 0, Time: 0.08878898620605469, NFound: 5, Coef: 8
Round: 2, Attack Type: Statistical Attack, Error: 0, Time: 0.10658001899719238, NFound: 10, Coef: 10
