Round: 1, Attack Type: Statistical Attack, Error: 0, Time: 0.09377288818359375, NFound: 5, Coef: 8
Round: 2, Attack Type: Statistical Attack, Error: 0, Time: 0.10546398162841797, NFound: 10, Coef: 10
