Round: 1, Attack Type: Statistical Attack, Error: 0, Time: 0.0888059139251709, NFound: 10, Coef: 10
Round: 2, Attack Type: Statistical Attack, Error: 0, Time: 0.08596086502075195, NFound: 10, Coef: 10
