Round: 1, Attack Type: Statistical Attack, Error: 0, Time: 0.07565999031066895, NFound: 5, Coef: 8
Round: 2, Attack Type: Statistical Attack, Error: 0, Time: 0.1025400161743164, NFound: 10, Coef: 10
