Round: 1, Attack Type: Statistical Attack, Error: 0, Time: 0.0772252082824707, NFound: 10, Coef: 10
Round: 2, Attack Type: Statistical Attack, Error: 0, Time: 0.07649707794189453, NFound: 10, Coef: 10
