Round: 1, Attack Type: Statistical Attack, Error: 0, Time: 0.11732316017150879, NFound: 10, Coef: 10
Round: 2, Attack Type: Statistical Attack, Error: 0, Time: 0.11779594421386719, NFound: 10, Coef: 10
