Round: 1, Attack Type: Statistical Attack, Error: 0, Time: 0.0742027759552002, NFound: 5, Coef: 8
Round: 2, Attack Type: Statistical Attack, Error: 0, Time: 0.07648205757141113, NFound: 10, Coef: 10
