Round: 1, Attack Type: Statistical Attack, Error: 0, Time: 0.07100796699523926, NFound: 5, Coef: 8
Round: 2, Attack Type: Statistical Attack, Error: 0, Time: 0.08313298225402832, NFound: 10, Coef: 10
