Round: 1, Attack Type: Statistical Attack, Error: 0, Time: 0.07373309135437012, NFound: 10, Coef: 10
Round: 2, Attack Type: Statistical Attack, Error: 0, Time: 0.08089208602905273, NFound: 10, Coef: 10
