Round: 1, Attack Type: Statistical Attack, Error: 0, Time: 0.06763315200805664, NFound: 10, Coef: 10
Round: 2, Attack Type: Statistical Attack, Error: 0, Time: 0.08130407333374023, NFound: 10, Coef: 10
