Round: 1, Attack Type: Statistical Attack, Error: 0, Time: 0.08486723899841309, NFound: 10, Coef: 10
Round: 2, Attack Type: Statistical Attack, Error: 0, Time: 0.08753204345703125, NFound: 10, Coef: 10
