Round: 1, Attack Type: Statistical Attack, Error: 0, Time: 0.07235383987426758, NFound: 10, Coef: 10
Round: 2, Attack Type: Statistical Attack, Error: 0, Time: 0.08601593971252441, NFound: 10, Coef: 10
