Round: 1, Attack Type: Statistical Attack, Error: 0, Time: 0.07175183296203613, NFound: 10, Coef: 10
Round: 2, Attack Type: Statistical Attack, Error: 0, Time: 0.0779578685760498, NFound: 10, Coef: 10
