Round: 1, Attack Type: Statistical Attack, Error: 0, Time: 0.07268881797790527, NFound: 10, Coef: 10
Round: 2, Attack Type: Statistical Attack, Error: 0, Time: 0.0878911018371582, NFound: 10, Coef: 10
