Round: 1, Attack Type: Statistical Attack, Error: 0, Time: 0.09065794944763184, NFound: 10, Coef: 10
Round: 2, Attack Type: Statistical Attack, Error: 0, Time: 0.09213781356811523, NFound: 10, Coef: 10
