Round: 1, Attack Type: Statistical Attack, Error: 0, Time: 0.06408381462097168, NFound: 5, Coef: 8
Round: 2, Attack Type: Statistical Attack, Error: 0, Time: 0.06470394134521484, NFound: 10, Coef: 10
