Round: 1, Attack Type: Statistical Attack, Error: 0, Time: 0.07457804679870605, NFound: 5, Coef: 8
Round: 2, Attack Type: Statistical Attack, Error: 0, Time: 0.07934403419494629, NFound: 10, Coef: 10
