Round: 1, Attack Type: Statistical Attack, Error: 0, Time: 0.06075096130371094, NFound: 5, Coef: 8
Round: 2, Attack Type: Statistical Attack, Error: 0, Time: 0.06427597999572754, NFound: 10, Coef: 10
