Round: 1, Attack Type: Statistical Attack, Error: 0, Time: 0.07462096214294434, NFound: 10, Coef: 10
Round: 2, Attack Type: Statistical Attack, Error: 0, Time: 0.08702206611633301, NFound: 10, Coef: 10
