Round: 1, Attack Type: Statistical Attack, Error: 0, Time: 0.07570004463195801, NFound: 5, Coef: 8
Round: 2, Attack Type: Statistical Attack, Error: 0, Time: 0.08224225044250488, NFound: 10, Coef: 10
