Round: 1, Attack Type: Statistical Attack, Error: 0, Time: 0.07445597648620605, NFound: 10, Coef: 10
Round: 2, Attack Type: Statistical Attack, Error: 0, Time: 0.08079886436462402, NFound: 10, Coef: 10
