Round: 1, Attack Type: Statistical Attack, Error: 0, Time: 0.09387493133544922, NFound: 9, Coef: 8
Round: 2, Attack Type: Statistical Attack, Error: 0, Time: 0.09916377067565918, NFound: 10, Coef: 10
