Round: 1, Attack Type: Statistical Attack, Error: 0, Time: 0.07423090934753418, NFound: 10, Coef: 10
Round: 2, Attack Type: Statistical Attack, Error: 0, Time: 0.08001208305358887, NFound: 10, Coef: 10
