Round: 1, Attack Type: Statistical Attack, Error: 0, Time: 0.07304120063781738, NFound: 10, Coef: 10
Round: 2, Attack Type: Statistical Attack, Error: 0, Time: 0.07973504066467285, NFound: 10, Coef: 10
