Round: 1, Attack Type: Statistical Attack, Error: 0, Time: 0.08858609199523926, NFound: 10, Coef: 10
Round: 2, Attack Type: Statistical Attack, Error: 0, Time: 0.0994269847869873, NFound: 10, Coef: 10
