Round: 1, Attack Type: Statistical Attack, Error: 0, Time: 0.08197283744812012, NFound: 5, Coef: 8
Round: 2, Attack Type: Statistical Attack, Error: 0, Time: 0.08882594108581543, NFound: 10, Coef: 10
