Round: 1, Attack Type: Statistical Attack, Error: 0, Time: 0.08052682876586914, NFound: 10, Coef: 10
Round: 2, Attack Type: Statistical Attack, Error: 0, Time: 0.08046722412109375, NFound: 10, Coef: 10
