Round: 1, Attack Type: Statistical Attack, Error: 0, Time: 0.0836329460144043, NFound: 5, Coef: 8
Round: 2, Attack Type: Statistical Attack, Error: 0, Time: 0.08972787857055664, NFound: 10, Coef: 10
