Round: 1, Attack Type: Statistical Attack, Error: 0, Time: 0.06845402717590332, NFound: 5, Coef: 8
Round: 2, Attack Type: Statistical Attack, Error: 0, Time: 0.07238078117370605, NFound: 10, Coef: 10
