Round: 1, Attack Type: Statistical Attack, Error: 0, Time: 0.06142902374267578, NFound: 5, Coef: 8
Round: 2, Attack Type: Statistical Attack, Error: 0, Time: 0.06288790702819824, NFound: 10, Coef: 10
