Round: 1, Attack Type: Statistical Attack, Error: 0, Time: 0.07907414436340332, NFound: 10, Coef: 10
Round: 2, Attack Type: Statistical Attack, Error: 0, Time: 0.0862421989440918, NFound: 10, Coef: 10
