Round: 1, Attack Type: Statistical Attack, Error: 0, Time: 0.08095526695251465, NFound: 5, Coef: 8
Round: 2, Attack Type: Statistical Attack, Error: 0, Time: 0.0892641544342041, NFound: 10, Coef: 10
