Round: 1, Attack Type: Statistical Attack, Error: 0, Time: 0.07407093048095703, NFound: 10, Coef: 10
Round: 2, Attack Type: Statistical Attack, Error: 0, Time: 0.0797281265258789, NFound: 10, Coef: 10
