Round: 1, Attack Type: Statistical Attack, Error: 0, Time: 0.08167338371276855, NFound: 9, Coef: 8
Round: 2, Attack Type: Statistical Attack, Error: 0, Time: 0.0845632553100586, NFound: 10, Coef: 10
