Round: 1, Attack Type: Statistical Attack, Error: 0, Time: 0.09153294563293457, NFound: 10, Coef: 10
Round: 2, Attack Type: Statistical Attack, Error: 0, Time: 0.09077024459838867, NFound: 10, Coef: 10
