Round: 1, Attack Type: Statistical Attack, Error: 0, Time: 0.07210397720336914, NFound: 10, Coef: 10
Round: 2, Attack Type: Statistical Attack, Error: 0, Time: 0.08185815811157227, NFound: 10, Coef: 10
