Round: 1, Attack Type: Statistical Attack, Error: 0, Time: 0.16626477241516113, NFound: 5, Coef: 8
Round: 2, Attack Type: Statistical Attack, Error: 0, Time: 0.3060779571533203, NFound: 10, Coef: 10
