Round: 1, Attack Type: Statistical Attack, Error: 0, Time: 0.06355476379394531, NFound: 5, Coef: 8
Round: 2, Attack Type: Statistical Attack, Error: 0, Time: 0.06195259094238281, NFound: 10, Coef: 10
