Round: 1, Attack Type: Statistical Attack, Error: 0, Time: 0.0866549015045166, NFound: 5, Coef: 8
Round: 2, Attack Type: Statistical Attack, Error: 0, Time: 0.07593488693237305, NFound: 10, Coef: 10
