Round: 1, Attack Type: Statistical Attack, Error: 0, Time: 0.08497905731201172, NFound: 10, Coef: 10
Round: 2, Attack Type: Statistical Attack, Error: 0, Time: 0.08865022659301758, NFound: 10, Coef: 10
