Round: 1, Attack Type: Statistical Attack, Error: 0, Time: 0.07796812057495117, NFound: 5, Coef: 8
Round: 2, Attack Type: Statistical Attack, Error: 0, Time: 0.08629393577575684, NFound: 10, Coef: 10
