Round: 1, Attack Type: Statistical Attack, Error: 0, Time: 0.09517383575439453, NFound: 10, Coef: 10
Round: 2, Attack Type: Statistical Attack, Error: 0, Time: 0.0993201732635498, NFound: 10, Coef: 10
