Round: 1, Attack Type: Statistical Attack, Error: 0, Time: 0.06272220611572266, NFound: 5, Coef: 8
Round: 2, Attack Type: Statistical Attack, Error: 0, Time: 0.06743931770324707, NFound: 10, Coef: 10
