Round: 1, Attack Type: Statistical Attack, Error: 0, Time: 0.08571982383728027, NFound: 5, Coef: 8
Round: 2, Attack Type: Statistical Attack, Error: 0, Time: 0.11023426055908203, NFound: 9, Coef: 8
