Round: 1, Attack Type: Statistical Attack, Error: 0, Time: 0.08403611183166504, NFound: 10, Coef: 10
Round: 2, Attack Type: Statistical Attack, Error: 0, Time: 0.08570528030395508, NFound: 10, Coef: 10
