Round: 1, Attack Type: Statistical Attack, Error: 0, Time: 0.08706998825073242, NFound: 10, Coef: 10
Round: 2, Attack Type: Statistical Attack, Error: 0, Time: 0.10741519927978516, NFound: 10, Coef: 10
