Round: 1, Attack Type: Statistical Attack, Error: 0, Time: 0.08037018775939941, NFound: 5, Coef: 8
Round: 2, Attack Type: Statistical Attack, Error: 0, Time: 0.08340191841125488, NFound: 10, Coef: 10
