Round: 1, Attack Type: Statistical Attack, Error: 0, Time: 0.08254218101501465, NFound: 5, Coef: 8
Round: 2, Attack Type: Statistical Attack, Error: 0, Time: 0.08236908912658691, NFound: 10, Coef: 10
