Round: 1, Attack Type: Statistical Attack, Error: 0, Time: 0.11106038093566895, NFound: 10, Coef: 10
Round: 2, Attack Type: Statistical Attack, Error: 0, Time: 0.09618902206420898, NFound: 10, Coef: 10
