Round: 1, Attack Type: Statistical Attack, Error: 0, Time: 0.08922410011291504, NFound: 9, Coef: 8
Round: 2, Attack Type: Statistical Attack, Error: 0, Time: 0.10187411308288574, NFound: 10, Coef: 10
