Round: 1, Attack Type: Statistical Attack, Error: 0, Time: 0.07843685150146484, NFound: 10, Coef: 10
Round: 2, Attack Type: Statistical Attack, Error: 0, Time: 0.08471202850341797, NFound: 10, Coef: 10
