Round: 1, Attack Type: Statistical Attack, Error: 0, Time: 0.08383893966674805, NFound: 5, Coef: 8
Round: 2, Attack Type: Statistical Attack, Error: 0, Time: 0.08312439918518066, NFound: 10, Coef: 10
