Round: 1, Attack Type: Statistical Attack, Error: 0, Time: 0.09601926803588867, NFound: 10, Coef: 10
Round: 2, Attack Type: Statistical Attack, Error: 0, Time: 0.0975041389465332, NFound: 10, Coef: 10
