Round: 1, Attack Type: Statistical Attack, Error: 0, Time: 0.07912826538085938, NFound: 5, Coef: 8
Round: 2, Attack Type: Statistical Attack, Error: 0, Time: 0.08272624015808105, NFound: 10, Coef: 10
