Round: 1, Attack Type: Statistical Attack, Error: 0, Time: 0.09903287887573242, NFound: 5, Coef: 8
Round: 2, Attack Type: Statistical Attack, Error: 0, Time: 0.10524892807006836, NFound: 10, Coef: 10
