Round: 1, Attack Type: Statistical Attack, Error: 0, Time: 0.0695641040802002, NFound: 10, Coef: 10
Round: 2, Attack Type: Statistical Attack, Error: 0, Time: 0.07810807228088379, NFound: 10, Coef: 10
