Round: 1, Attack Type: Statistical Attack, Error: 0, Time: 0.07702302932739258, NFound: 5, Coef: 8
Round: 2, Attack Type: Statistical Attack, Error: 0, Time: 0.0916140079498291, NFound: 10, Coef: 10
