Round: 1, Attack Type: Statistical Attack, Error: 0, Time: 0.06889605522155762, NFound: 10, Coef: 10
Round: 2, Attack Type: Statistical Attack, Error: 0, Time: 0.08561015129089355, NFound: 10, Coef: 10
