Round: 1, Attack Type: Statistical Attack, Error: 0, Time: 0.07050824165344238, NFound: 5, Coef: 8
Round: 2, Attack Type: Statistical Attack, Error: 0, Time: 0.07880091667175293, NFound: 10, Coef: 10
