Round: 1, Attack Type: Statistical Attack, Error: 0, Time: 0.08208680152893066, NFound: 5, Coef: 8
Round: 2, Attack Type: Statistical Attack, Error: 0, Time: 0.0900881290435791, NFound: 10, Coef: 10
