Round: 1, Attack Type: Statistical Attack, Error: 0, Time: 0.0729379653930664, NFound: 5, Coef: 8
Round: 2, Attack Type: Statistical Attack, Error: 0, Time: 0.09025096893310547, NFound: 9, Coef: 8
