Round: 1, Attack Type: Statistical Attack, Error: 0, Time: 0.07312607765197754, NFound: 5, Coef: 8
Round: 2, Attack Type: Statistical Attack, Error: 0, Time: 0.08435797691345215, NFound: 10, Coef: 10
