Round: 1, Attack Type: Statistical Attack, Error: 0, Time: 0.12772512435913086, NFound: 9, Coef: 8
Round: 2, Attack Type: Statistical Attack, Error: 0, Time: 0.1260678768157959, NFound: 10, Coef: 10
