Round: 1, Attack Type: Statistical Attack, Error: 0, Time: 0.09248208999633789, NFound: 5, Coef: 8
Round: 2, Attack Type: Statistical Attack, Error: 0, Time: 0.1002192497253418, NFound: 10, Coef: 10
