Round: 1, Attack Type: Statistical Attack, Error: 0, Time: 0.08901286125183105, NFound: 10, Coef: 10
Round: 2, Attack Type: Statistical Attack, Error: 0, Time: 0.09739518165588379, NFound: 10, Coef: 10
