Round: 1, Attack Type: Statistical Attack, Error: 0, Time: 0.0926370620727539, NFound: 5, Coef: 8
Round: 2, Attack Type: Statistical Attack, Error: 0, Time: 0.0997929573059082, NFound: 10, Coef: 10
