Round: 1, Attack Type: Statistical Attack, Error: 0, Time: 0.13754796981811523, NFound: 5, Coef: 8
Round: 2, Attack Type: Statistical Attack, Error: 0, Time: 0.11875009536743164, NFound: 10, Coef: 10
