Round: 1, Attack Type: Statistical Attack, Error: 0, Time: 0.08094596862792969, NFound: 5, Coef: 8
Round: 2, Attack Type: Statistical Attack, Error: 0, Time: 0.10272693634033203, NFound: 10, Coef: 10
