Round: 1, Attack Type: Statistical Attack, Error: 0, Time: 0.0863790512084961, NFound: 9, Coef: 8
Round: 2, Attack Type: Statistical Attack, Error: 0, Time: 0.08575224876403809, NFound: 10, Coef: 10
