Round: 1, Attack Type: Statistical Attack, Error: 0, Time: 0.08055782318115234, NFound: 5, Coef: 8
Round: 2, Attack Type: Statistical Attack, Error: 0, Time: 0.08214592933654785, NFound: 10, Coef: 10
