Round: 1, Attack Type: Statistical Attack, Error: 0, Time: 0.1021261215209961, NFound: 10, Coef: 10
Round: 2, Attack Type: Statistical Attack, Error: 0, Time: 0.1050879955291748, NFound: 10, Coef: 10
