Round: 1, Attack Type: Statistical Attack, Error: 0, Time: 0.21448493003845215, NFound: 5, Coef: 8
Round: 2, Attack Type: Statistical Attack, Error: 0, Time: 0.1185760498046875, NFound: 10, Coef: 10
