Round: 1, Attack Type: Statistical Attack, Error: 0, Time: 0.07323217391967773, NFound: 5, Coef: 8
Round: 2, Attack Type: Statistical Attack, Error: 0, Time: 0.07408690452575684, NFound: 10, Coef: 10
