Round: 1, Attack Type: Statistical Attack, Error: 0, Time: 0.1012732982635498, NFound: 10, Coef: 10
Round: 2, Attack Type: Statistical Attack, Error: 0, Time: 0.09731006622314453, NFound: 10, Coef: 10
