Round: 1, Attack Type: Statistical Attack, Error: 0, Time: 0.07448005676269531, NFound: 5, Coef: 8
Round: 2, Attack Type: Statistical Attack, Error: 0, Time: 0.07916593551635742, NFound: 10, Coef: 10
