Round: 1, Attack Type: Statistical Attack, Error: 0, Time: 0.10120582580566406, NFound: 5, Coef: 8
Round: 2, Attack Type: Statistical Attack, Error: 0, Time: 0.1721646785736084, NFound: 10, Coef: 10
