Round: 1, Attack Type: Statistical Attack, Error: 0, Time: 0.09443497657775879, NFound: 5, Coef: 8
Round: 2, Attack Type: Statistical Attack, Error: 0, Time: 0.09479188919067383, NFound: 9, Coef: 8
