Round: 1, Attack Type: Statistical Attack, Error: 0, Time: 0.07363605499267578, NFound: 10, Coef: 10
Round: 2, Attack Type: Statistical Attack, Error: 0, Time: 0.08787727355957031, NFound: 10, Coef: 10
