Round: 1, Attack Type: Statistical Attack, Error: 0, Time: 0.06758284568786621, NFound: 10, Coef: 10
Round: 2, Attack Type: Statistical Attack, Error: 0, Time: 0.07102108001708984, NFound: 9, Coef: 8
