Round: 1, Attack Type: Statistical Attack, Error: 0, Time: 0.0896902084350586, NFound: 5, Coef: 8
Round: 2, Attack Type: Statistical Attack, Error: 0, Time: 0.0933389663696289, NFound: 10, Coef: 10
