Round: 1, Attack Type: Statistical Attack, Error: 0, Time: 0.07440590858459473, NFound: 9, Coef: 8
Round: 2, Attack Type: Statistical Attack, Error: 0, Time: 0.07970881462097168, NFound: 10, Coef: 10
