Round: 1, Attack Type: Statistical Attack, Error: 0, Time: 0.07929134368896484, NFound: 10, Coef: 10
Round: 2, Attack Type: Statistical Attack, Error: 0, Time: 0.09512877464294434, NFound: 10, Coef: 10
