Round: 1, Attack Type: Statistical Attack, Error: 0, Time: 0.08852577209472656, NFound: 5, Coef: 8
Round: 2, Attack Type: Statistical Attack, Error: 0, Time: 0.09642577171325684, NFound: 10, Coef: 10
