Round: 1, Attack Type: Statistical Attack, Error: 0, Time: 0.09107303619384766, NFound: 5, Coef: 8
Round: 2, Attack Type: Statistical Attack, Error: 0, Time: 0.09980106353759766, NFound: 9, Coef: 8
