Round: 1, Attack Type: Statistical Attack, Error: 0, Time: 0.0740818977355957, NFound: 5, Coef: 8
Round: 2, Attack Type: Statistical Attack, Error: 0, Time: 0.07693004608154297, NFound: 10, Coef: 10
