Round: 1, Attack Type: Statistical Attack, Error: 0, Time: 0.08914494514465332, NFound: 5, Coef: 8
Round: 2, Attack Type: Statistical Attack, Error: 0, Time: 0.09174013137817383, NFound: 10, Coef: 10
