Round: 1, Attack Type: Statistical Attack, Error: 0, Time: 0.06695890426635742, NFound: 5, Coef: 8
Round: 2, Attack Type: Statistical Attack, Error: 0, Time: 0.0703439712524414, NFound: 10, Coef: 10
