Round: 1, Attack Type: Statistical Attack, Error: 0, Time: 0.09962105751037598, NFound: 5, Coef: 8
Round: 2, Attack Type: Statistical Attack, Error: 0, Time: 0.10289192199707031, NFound: 10, Coef: 10
