Round: 1, Attack Type: Statistical Attack, Error: 0, Time: 0.07437801361083984, NFound: 5, Coef: 8
Round: 2, Attack Type: Statistical Attack, Error: 0, Time: 0.07720685005187988, NFound: 10, Coef: 10
