Round: 1, Attack Type: Statistical Attack, Error: 0, Time: 0.10668706893920898, NFound: 5, Coef: 8
Round: 2, Attack Type: Statistical Attack, Error: 0, Time: 0.10549402236938477, NFound: 10, Coef: 10
