Round: 1, Attack Type: Statistical Attack, Error: 0, Time: 0.06916999816894531, NFound: 5, Coef: 8
Round: 2, Attack Type: Statistical Attack, Error: 0, Time: 0.08343768119812012, NFound: 10, Coef: 10
