Round: 1, Attack Type: Statistical Attack, Error: 0, Time: 0.0832829475402832, NFound: 10, Coef: 10
Round: 2, Attack Type: Statistical Attack, Error: 0, Time: 0.09867191314697266, NFound: 10, Coef: 10
