Round: 1, Attack Type: Statistical Attack, Error: 0, Time: 0.09959602355957031, NFound: 5, Coef: 8
Round: 2, Attack Type: Statistical Attack, Error: 0, Time: 0.10741305351257324, NFound: 10, Coef: 10
