Round: 1, Attack Type: Statistical Attack, Error: 0, Time: 0.07296609878540039, NFound: 10, Coef: 10
Round: 2, Attack Type: Statistical Attack, Error: 0, Time: 0.08303475379943848, NFound: 10, Coef: 10
