Round: 1, Attack Type: Statistical Attack, Error: 0, Time: 0.06683182716369629, NFound: 5, Coef: 8
Round: 2, Attack Type: Statistical Attack, Error: 0, Time: 0.07895493507385254, NFound: 10, Coef: 10
