Round: 1, Attack Type: Statistical Attack, Error: 0, Time: 0.07587099075317383, NFound: 10, Coef: 10
Round: 2, Attack Type: Statistical Attack, Error: 0, Time: 0.07818484306335449, NFound: 10, Coef: 10
