Round: 1, Attack Type: Statistical Attack, Error: 0, Time: 0.06259989738464355, NFound: 5, Coef: 8
Round: 2, Attack Type: Statistical Attack, Error: 0, Time: 0.07094693183898926, NFound: 10, Coef: 10
