Round: 1, Attack Type: Statistical Attack, Error: 0, Time: 0.08014822006225586, NFound: 10, Coef: 10
Round: 2, Attack Type: Statistical Attack, Error: 0, Time: 0.0856790542602539, NFound: 10, Coef: 10
