Round: 1, Attack Type: Statistical Attack, Error: 0, Time: 0.07702803611755371, NFound: 10, Coef: 10
Round: 2, Attack Type: Statistical Attack, Error: 0, Time: 0.07722687721252441, NFound: 10, Coef: 10
