Round: 1, Attack Type: Statistical Attack, Error: 0, Time: 0.08613395690917969, NFound: 10, Coef: 10
Round: 2, Attack Type: Statistical Attack, Error: 0, Time: 0.09421730041503906, NFound: 10, Coef: 10
