Round: 1, Attack Type: Statistical Attack, Error: 0, Time: 0.05875825881958008, NFound: 5, Coef: 8
Round: 2, Attack Type: Statistical Attack, Error: 0, Time: 0.0727090835571289, NFound: 9, Coef: 8
