Round: 1, Attack Type: Statistical Attack, Error: 0, Time: 0.09347081184387207, NFound: 5, Coef: 8
Round: 2, Attack Type: Statistical Attack, Error: 0, Time: 0.09544610977172852, NFound: 10, Coef: 10
