Round: 1, Attack Type: Statistical Attack, Error: 0, Time: 0.09817814826965332, NFound: 5, Coef: 8
Round: 2, Attack Type: Statistical Attack, Error: 0, Time: 0.10764169692993164, NFound: 9, Coef: 8
