Round: 1, Attack Type: Statistical Attack, Error: 0, Time: 0.08515810966491699, NFound: 5, Coef: 8
Round: 2, Attack Type: Statistical Attack, Error: 0, Time: 0.10104584693908691, NFound: 10, Coef: 10
