Round: 1, Attack Type: Statistical Attack, Error: 0, Time: 0.07062101364135742, NFound: 5, Coef: 8
Round: 2, Attack Type: Statistical Attack, Error: 0, Time: 0.08081817626953125, NFound: 10, Coef: 10
