Round: 1, Attack Type: Statistical Attack, Error: 0, Time: 0.09661126136779785, NFound: 5, Coef: 8
Round: 2, Attack Type: Statistical Attack, Error: 0, Time: 0.10205912590026855, NFound: 10, Coef: 10
