Round: 1, Attack Type: Statistical Attack, Error: 0, Time: 0.07881307601928711, NFound: 10, Coef: 10
Round: 2, Attack Type: Statistical Attack, Error: 0, Time: 0.07894611358642578, NFound: 10, Coef: 10
