Round: 1, Attack Type: Statistical Attack, Error: 0, Time: 0.09542393684387207, NFound: 10, Coef: 10
Round: 2, Attack Type: Statistical Attack, Error: 0, Time: 0.11995697021484375, NFound: 10, Coef: 10
