Round: 1, Attack Type: Statistical Attack, Error: 0, Time: 0.06084609031677246, NFound: 5, Coef: 8
Round: 2, Attack Type: Statistical Attack, Error: 0, Time: 0.07419300079345703, NFound: 9, Coef: 8
