Round: 1, Attack Type: Statistical Attack, Error: 0, Time: 0.09728193283081055, NFound: 5, Coef: 8
Round: 2, Attack Type: Statistical Attack, Error: 0, Time: 0.13079404830932617, NFound: 10, Coef: 10
