Round: 1, Attack Type: Statistical Attack, Error: 0, Time: 0.07717037200927734, NFound: 10, Coef: 10
Round: 2, Attack Type: Statistical Attack, Error: 0, Time: 0.0812840461730957, NFound: 10, Coef: 10
