Round: 1, Attack Type: Statistical Attack, Error: 0, Time: 0.08946585655212402, NFound: 9, Coef: 8
Round: 2, Attack Type: Statistical Attack, Error: 0, Time: 0.08965611457824707, NFound: 10, Coef: 10
