Round: 1, Attack Type: Statistical Attack, Error: 0, Time: 0.07538104057312012, NFound: 10, Coef: 10
Round: 2, Attack Type: Statistical Attack, Error: 0, Time: 0.08260202407836914, NFound: 10, Coef: 10
