Round: 1, Attack Type: Statistical Attack, Error: 0, Time: 0.09687590599060059, NFound: 9, Coef: 8
Round: 2, Attack Type: Statistical Attack, Error: 0, Time: 0.10700106620788574, NFound: 10, Coef: 10
