Round: 1, Attack Type: Statistical Attack, Error: 0, Time: 0.0716409683227539, NFound: 10, Coef: 10
Round: 2, Attack Type: Statistical Attack, Error: 0, Time: 0.07643604278564453, NFound: 10, Coef: 10
