Round: 1, Attack Type: Statistical Attack, Error: 0, Time: 0.05857992172241211, NFound: 10, Coef: 10
Round: 2, Attack Type: Statistical Attack, Error: 0, Time: 0.06805896759033203, NFound: 10, Coef: 10
