Round: 1, Attack Type: Statistical Attack, Error: 0, Time: 0.09721183776855469, NFound: 5, Coef: 8
Round: 2, Attack Type: Statistical Attack, Error: 0, Time: 0.11029624938964844, NFound: 10, Coef: 10
