Round: 1, Attack Type: Statistical Attack, Error: 0, Time: 0.07454299926757812, NFound: 5, Coef: 8
Round: 2, Attack Type: Statistical Attack, Error: 0, Time: 0.07866430282592773, NFound: 10, Coef: 10
