Round: 1, Attack Type: Statistical Attack, Error: 0, Time: 0.09421420097351074, NFound: 5, Coef: 8
Round: 2, Attack Type: Statistical Attack, Error: 0, Time: 0.09778404235839844, NFound: 10, Coef: 10
