Round: 1, Attack Type: Statistical Attack, Error: 0, Time: 0.07438278198242188, NFound: 10, Coef: 10
Round: 2, Attack Type: Statistical Attack, Error: 0, Time: 0.08069825172424316, NFound: 10, Coef: 10
