Round: 1, Attack Type: Statistical Attack, Error: 0, Time: 0.07849693298339844, NFound: 5, Coef: 8
Round: 2, Attack Type: Statistical Attack, Error: 0, Time: 0.07705497741699219, NFound: 10, Coef: 10
