Round: 1, Attack Type: Statistical Attack, Error: 0, Time: 0.07746195793151855, NFound: 10, Coef: 10
Round: 2, Attack Type: Statistical Attack, Error: 0, Time: 0.11401581764221191, NFound: 10, Coef: 10
