Round: 1, Attack Type: Statistical Attack, Error: 0, Time: 0.08187198638916016, NFound: 5, Coef: 8
Round: 2, Attack Type: Statistical Attack, Error: 0, Time: 0.08771729469299316, NFound: 10, Coef: 10
