Round: 1, Attack Type: Statistical Attack, Error: 0, Time: 0.07218790054321289, NFound: 10, Coef: 10
Round: 2, Attack Type: Statistical Attack, Error: 0, Time: 0.08174514770507812, NFound: 10, Coef: 10
