Round: 1, Attack Type: Statistical Attack, Error: 0, Time: 0.0818021297454834, NFound: 5, Coef: 8
Round: 2, Attack Type: Statistical Attack, Error: 0, Time: 0.0922238826751709, NFound: 10, Coef: 10
