Round: 1, Attack Type: Statistical Attack, Error: 0, Time: 0.08358407020568848, NFound: 10, Coef: 10
Round: 2, Attack Type: Statistical Attack, Error: 0, Time: 0.08053898811340332, NFound: 10, Coef: 10
