Round: 1, Attack Type: Statistical Attack, Error: 0, Time: 0.0825948715209961, NFound: 5, Coef: 8
Round: 2, Attack Type: Statistical Attack, Error: 0, Time: 0.07494401931762695, NFound: 10, Coef: 10
