Round: 1, Attack Type: Statistical Attack, Error: 0, Time: 0.05997014045715332, NFound: 10, Coef: 10
Round: 2, Attack Type: Statistical Attack, Error: 0, Time: 0.0633091926574707, NFound: 10, Coef: 10
