Round: 1, Attack Type: Statistical Attack, Error: 0, Time: 0.07270312309265137, NFound: 5, Coef: 8
Round: 2, Attack Type: Statistical Attack, Error: 0, Time: 0.09096574783325195, NFound: 10, Coef: 10
