Round: 1, Attack Type: Statistical Attack, Error: 0, Time: 0.06631708145141602, NFound: 10, Coef: 10
Round: 2, Attack Type: Statistical Attack, Error: 0, Time: 0.06869196891784668, NFound: 10, Coef: 10
