Round: 1, Attack Type: Statistical Attack, Error: 0, Time: 0.12017607688903809, NFound: 10, Coef: 10
Round: 2, Attack Type: Statistical Attack, Error: 0, Time: 0.11649513244628906, NFound: 10, Coef: 10
