Round: 1, Attack Type: Statistical Attack, Error: 0, Time: 0.10483932495117188, NFound: 10, Coef: 10
Round: 2, Attack Type: Statistical Attack, Error: 0, Time: 0.1300497055053711, NFound: 10, Coef: 10
