Round: 1, Attack Type: Statistical Attack, Error: 0, Time: 0.07612395286560059, NFound: 10, Coef: 10
Round: 2, Attack Type: Statistical Attack, Error: 0, Time: 0.08110308647155762, NFound: 10, Coef: 10
