Round: 1, Attack Type: Statistical Attack, Error: 0, Time: 0.10116696357727051, NFound: 5, Coef: 8
Round: 2, Attack Type: Statistical Attack, Error: 0, Time: 0.10847187042236328, NFound: 10, Coef: 10
