Round: 1, Attack Type: Statistical Attack, Error: 0, Time: 0.07832908630371094, NFound: 10, Coef: 10
Round: 2, Attack Type: Statistical Attack, Error: 0, Time: 0.08459591865539551, NFound: 10, Coef: 10
