Round: 1, Attack Type: Statistical Attack, Error: 0, Time: 0.07736396789550781, NFound: 5, Coef: 8
Round: 2, Attack Type: Statistical Attack, Error: 0, Time: 0.07543396949768066, NFound: 10, Coef: 10
