Round: 1, Attack Type: Statistical Attack, Error: 0, Time: 0.07754993438720703, NFound: 5, Coef: 8
Round: 2, Attack Type: Statistical Attack, Error: 0, Time: 0.08912205696105957, NFound: 10, Coef: 10
