Round: 1, Attack Type: Statistical Attack, Error: 0, Time: 0.08023715019226074, NFound: 10, Coef: 10
Round: 2, Attack Type: Statistical Attack, Error: 0, Time: 0.08219432830810547, NFound: 10, Coef: 10
