Round: 1, Attack Type: Statistical Attack, Error: 0, Time: 0.10750293731689453, NFound: 5, Coef: 8
Round: 2, Attack Type: Statistical Attack, Error: 0, Time: 0.13075995445251465, NFound: 10, Coef: 10
