Round: 1, Attack Type: Statistical Attack, Error: 0, Time: 0.11389708518981934, NFound: 10, Coef: 10
Round: 2, Attack Type: Statistical Attack, Error: 0, Time: 0.21772527694702148, NFound: 10, Coef: 10
