Round: 1, Attack Type: Statistical Attack, Error: 0, Time: 0.07429385185241699, NFound: 5, Coef: 8
Round: 2, Attack Type: Statistical Attack, Error: 0, Time: 0.0897059440612793, NFound: 10, Coef: 10
