Round: 1, Attack Type: Statistical Attack, Error: 0, Time: 0.07573127746582031, NFound: 5, Coef: 8
Round: 2, Attack Type: Statistical Attack, Error: 0, Time: 0.08704185485839844, NFound: 10, Coef: 10
