Round: 1, Attack Type: Statistical Attack, Error: 0, Time: 0.0759420394897461, NFound: 5, Coef: 8
Round: 2, Attack Type: Statistical Attack, Error: 0, Time: 0.08479595184326172, NFound: 10, Coef: 10
