Round: 1, Attack Type: Statistical Attack, Error: 0, Time: 0.07538676261901855, NFound: 10, Coef: 10
Round: 2, Attack Type: Statistical Attack, Error: 0, Time: 0.11242198944091797, NFound: 10, Coef: 10
