Round: 1, Attack Type: Statistical Attack, Error: 0, Time: 0.0976400375366211, NFound: 5, Coef: 8
Round: 2, Attack Type: Statistical Attack, Error: 0, Time: 0.09411883354187012, NFound: 10, Coef: 10
