Round: 1, Attack Type: Statistical Attack, Error: 0, Time: 0.07514381408691406, NFound: 10, Coef: 10
Round: 2, Attack Type: Statistical Attack, Error: 0, Time: 0.08127808570861816, NFound: 10, Coef: 10
