Round: 1, Attack Type: Statistical Attack, Error: 0, Time: 0.08341288566589355, NFound: 5, Coef: 8
Round: 2, Attack Type: Statistical Attack, Error: 0, Time: 0.09943914413452148, NFound: 10, Coef: 10
