Round: 1, Attack Type: Statistical Attack, Error: 0, Time: 0.07393288612365723, NFound: 10, Coef: 10
Round: 2, Attack Type: Statistical Attack, Error: 0, Time: 0.0775449275970459, NFound: 10, Coef: 10
