Round: 1, Attack Type: Statistical Attack, Error: 0, Time: 0.06932783126831055, NFound: 10, Coef: 10
Round: 2, Attack Type: Statistical Attack, Error: 0, Time: 0.0857691764831543, NFound: 10, Coef: 10
