Round: 1, Attack Type: Statistical Attack, Error: 0, Time: 0.07974791526794434, NFound: 10, Coef: 10
Round: 2, Attack Type: Statistical Attack, Error: 0, Time: 0.08109211921691895, NFound: 10, Coef: 10
