Round: 1, Attack Type: Statistical Attack, Error: 0, Time: 0.09632277488708496, NFound: 10, Coef: 10
Round: 2, Attack Type: Statistical Attack, Error: 0, Time: 0.08643674850463867, NFound: 10, Coef: 10
