Round: 1, Attack Type: Statistical Attack, Error: 0, Time: 0.08286786079406738, NFound: 10, Coef: 10
Round: 2, Attack Type: Statistical Attack, Error: 0, Time: 0.08516097068786621, NFound: 10, Coef: 10
