Round: 1, Attack Type: Statistical Attack, Error: 0, Time: 0.07246899604797363, NFound: 5, Coef: 8
Round: 2, Attack Type: Statistical Attack, Error: 0, Time: 0.08365488052368164, NFound: 10, Coef: 10
