Round: 1, Attack Type: Statistical Attack, Error: 0, Time: 0.07236099243164062, NFound: 5, Coef: 8
Round: 2, Attack Type: Statistical Attack, Error: 0, Time: 0.09747695922851562, NFound: 10, Coef: 10
