Round: 1, Attack Type: Statistical Attack, Error: 0, Time: 0.08977603912353516, NFound: 5, Coef: 8
Round: 2, Attack Type: Statistical Attack, Error: 0, Time: 0.09139108657836914, NFound: 10, Coef: 10
