Round: 1, Attack Type: Statistical Attack, Error: 0, Time: 0.09161901473999023, NFound: 5, Coef: 8
Round: 2, Attack Type: Statistical Attack, Error: 0, Time: 0.10889911651611328, NFound: 10, Coef: 10
