Round: 1, Attack Type: Statistical Attack, Error: 0, Time: 0.08628392219543457, NFound: 5, Coef: 8
Round: 2, Attack Type: Statistical Attack, Error: 0, Time: 0.07584691047668457, NFound: 10, Coef: 10
