Round: 1, Attack Type: Statistical Attack, Error: 0, Time: 0.07216095924377441, NFound: 10, Coef: 10
Round: 2, Attack Type: Statistical Attack, Error: 0, Time: 0.08143496513366699, NFound: 10, Coef: 10
