Round: 1, Attack Type: Statistical Attack, Error: 0, Time: 0.0851447582244873, NFound: 9, Coef: 8
Round: 2, Attack Type: Statistical Attack, Error: 0, Time: 0.08252310752868652, NFound: 10, Coef: 10
