Round: 1, Attack Type: Statistical Attack, Error: 0, Time: 0.08377385139465332, NFound: 5, Coef: 8
Round: 2, Attack Type: Statistical Attack, Error: 0, Time: 0.09252119064331055, NFound: 10, Coef: 10
