Round: 1, Attack Type: Statistical Attack, Error: 0, Time: 0.08658599853515625, NFound: 5, Coef: 8
Round: 2, Attack Type: Statistical Attack, Error: 0, Time: 0.11272883415222168, NFound: 10, Coef: 10
