Round: 1, Attack Type: Statistical Attack, Error: 0, Time: 0.06439900398254395, NFound: 10, Coef: 10
Round: 2, Attack Type: Statistical Attack, Error: 0, Time: 0.07533812522888184, NFound: 10, Coef: 10
