Round: 1, Attack Type: Statistical Attack, Error: 0, Time: 0.0745549201965332, NFound: 5, Coef: 8
Round: 2, Attack Type: Statistical Attack, Error: 0, Time: 0.07246518135070801, NFound: 10, Coef: 10
