Round: 1, Attack Type: Statistical Attack, Error: 0, Time: 0.10516190528869629, NFound: 5, Coef: 8
Round: 2, Attack Type: Statistical Attack, Error: 0, Time: 0.11130094528198242, NFound: 10, Coef: 10
