Round: 1, Attack Type: Statistical Attack, Error: 0, Time: 0.08170413970947266, NFound: 10, Coef: 10
Round: 2, Attack Type: Statistical Attack, Error: 0, Time: 0.08609199523925781, NFound: 10, Coef: 10
