Round: 1, Attack Type: Statistical Attack, Error: 0, Time: 0.1349787712097168, NFound: 5, Coef: 8
Round: 2, Attack Type: Statistical Attack, Error: 0, Time: 0.10822582244873047, NFound: 10, Coef: 10
