Round: 1, Attack Type: Statistical Attack, Error: 0, Time: 0.14177989959716797, NFound: 10, Coef: 10
Round: 2, Attack Type: Statistical Attack, Error: 0, Time: 0.14460992813110352, NFound: 10, Coef: 10
