Round: 1, Attack Type: Statistical Attack, Error: 0, Time: 0.09368610382080078, NFound: 5, Coef: 8
Round: 2, Attack Type: Statistical Attack, Error: 0, Time: 0.09933018684387207, NFound: 10, Coef: 10
