Round: 1, Attack Type: Statistical Attack, Error: 0, Time: 0.08100199699401855, NFound: 5, Coef: 8
Round: 2, Attack Type: Statistical Attack, Error: 0, Time: 0.09203076362609863, NFound: 9, Coef: 8
