Round: 1, Attack Type: Statistical Attack, Error: 0, Time: 0.06727814674377441, NFound: 5, Coef: 8
Round: 2, Attack Type: Statistical Attack, Error: 0, Time: 0.08063697814941406, NFound: 10, Coef: 10
