Round: 1, Attack Type: Statistical Attack, Error: 0, Time: 0.10824084281921387, NFound: 5, Coef: 8
Round: 2, Attack Type: Statistical Attack, Error: 0, Time: 0.11526203155517578, NFound: 10, Coef: 10
