Round: 1, Attack Type: Statistical Attack, Error: 0, Time: 0.10432720184326172, NFound: 5, Coef: 8
Round: 2, Attack Type: Statistical Attack, Error: 0, Time: 0.141571044921875, NFound: 10, Coef: 10
