Round: 1, Attack Type: Statistical Attack, Error: 0, Time: 0.09076881408691406, NFound: 5, Coef: 8
Round: 2, Attack Type: Statistical Attack, Error: 0, Time: 0.08823204040527344, NFound: 10, Coef: 10
