Round: 1, Attack Type: Statistical Attack, Error: 0, Time: 0.07394599914550781, NFound: 5, Coef: 8
Round: 2, Attack Type: Statistical Attack, Error: 0, Time: 0.0825200080871582, NFound: 10, Coef: 10
