Round: 1, Attack Type: Statistical Attack, Error: 0, Time: 0.10072493553161621, NFound: 10, Coef: 10
Round: 2, Attack Type: Statistical Attack, Error: 0, Time: 0.10997700691223145, NFound: 10, Coef: 10
