Round: 1, Attack Type: Statistical Attack, Error: 0, Time: 0.11820006370544434, NFound: 10, Coef: 10
Round: 2, Attack Type: Statistical Attack, Error: 0, Time: 0.11114788055419922, NFound: 10, Coef: 10
