Round: 1, Attack Type: Statistical Attack, Error: 0, Time: 0.07081794738769531, NFound: 10, Coef: 10
Round: 2, Attack Type: Statistical Attack, Error: 0, Time: 0.08527207374572754, NFound: 10, Coef: 10
