Round: 1, Attack Type: Statistical Attack, Error: 0, Time: 0.09711885452270508, NFound: 5, Coef: 8
Round: 2, Attack Type: Statistical Attack, Error: 0, Time: 0.09755492210388184, NFound: 10, Coef: 10
