Round: 1, Attack Type: Statistical Attack, Error: 0, Time: 0.09694218635559082, NFound: 5, Coef: 8
Round: 2, Attack Type: Statistical Attack, Error: 0, Time: 0.11582112312316895, NFound: 10, Coef: 10
