Round: 1, Attack Type: Statistical Attack, Error: 0, Time: 0.0731959342956543, NFound: 10, Coef: 10
Round: 2, Attack Type: Statistical Attack, Error: 0, Time: 0.08628606796264648, NFound: 10, Coef: 10
