Round: 1, Attack Type: Statistical Attack, Error: 0, Time: 0.06817197799682617, NFound: 10, Coef: 10
Round: 2, Attack Type: Statistical Attack, Error: 0, Time: 0.09241485595703125, NFound: 10, Coef: 10
