Round: 1, Attack Type: Statistical Attack, Error: 0, Time: 0.08451581001281738, NFound: 10, Coef: 10
Round: 2, Attack Type: Statistical Attack, Error: 0, Time: 0.09221291542053223, NFound: 10, Coef: 10
