Round: 1, Attack Type: Statistical Attack, Error: 0, Time: 0.08313202857971191, NFound: 5, Coef: 8
Round: 2, Attack Type: Statistical Attack, Error: 0, Time: 0.07704591751098633, NFound: 10, Coef: 10
