Round: 1, Attack Type: Statistical Attack, Error: 0, Time: 0.07170772552490234, NFound: 10, Coef: 10
Round: 2, Attack Type: Statistical Attack, Error: 0, Time: 0.0847930908203125, NFound: 10, Coef: 10
