Round: 1, Attack Type: Statistical Attack, Error: 0, Time: 0.07259488105773926, NFound: 5, Coef: 8
Round: 2, Attack Type: Statistical Attack, Error: 0, Time: 0.07916092872619629, NFound: 10, Coef: 10
