Round: 1, Attack Type: Statistical Attack, Error: 0, Time: 0.09760379791259766, NFound: 5, Coef: 8
Round: 2, Attack Type: Statistical Attack, Error: 0, Time: 0.09550881385803223, NFound: 10, Coef: 10
