Round: 1, Attack Type: Statistical Attack, Error: 0, Time: 0.07089090347290039, NFound: 10, Coef: 10
Round: 2, Attack Type: Statistical Attack, Error: 0, Time: 0.07993388175964355, NFound: 10, Coef: 10
