Round: 1, Attack Type: Statistical Attack, Error: 0, Time: 0.06070995330810547, NFound: 10, Coef: 10
Round: 2, Attack Type: Statistical Attack, Error: 0, Time: 0.06274890899658203, NFound: 10, Coef: 10
