Round: 1, Attack Type: Statistical Attack, Error: 0, Time: 0.08598899841308594, NFound: 10, Coef: 10
Round: 2, Attack Type: Statistical Attack, Error: 0, Time: 0.08097004890441895, NFound: 10, Coef: 10
