Round: 1, Attack Type: Statistical Attack, Error: 0, Time: 0.07117962837219238, NFound: 5, Coef: 8
Round: 2, Attack Type: Statistical Attack, Error: 0, Time: 0.07544898986816406, NFound: 10, Coef: 10
