Round: 1, Attack Type: Statistical Attack, Error: 0, Time: 0.14251399040222168, NFound: 5, Coef: 8
Round: 2, Attack Type: Statistical Attack, Error: 0, Time: 0.08384490013122559, NFound: 10, Coef: 10
