Round: 1, Attack Type: Statistical Attack, Error: 0, Time: 0.10300898551940918, NFound: 10, Coef: 10
Round: 2, Attack Type: Statistical Attack, Error: 0, Time: 0.1101231575012207, NFound: 10, Coef: 10
