Round: 1, Attack Type: Statistical Attack, Error: 0, Time: 0.06674790382385254, NFound: 10, Coef: 10
Round: 2, Attack Type: Statistical Attack, Error: 0, Time: 0.07978200912475586, NFound: 10, Coef: 10
