Round: 1, Attack Type: Statistical Attack, Error: 0, Time: 0.06120109558105469, NFound: 10, Coef: 10
Round: 2, Attack Type: Statistical Attack, Error: 0, Time: 0.06989073753356934, NFound: 10, Coef: 10
