Round: 1, Attack Type: Statistical Attack, Error: 0, Time: 0.09713101387023926, NFound: 9, Coef: 8
Round: 2, Attack Type: Statistical Attack, Error: 0, Time: 0.1070868968963623, NFound: 10, Coef: 10
