Round: 1, Attack Type: Statistical Attack, Error: 0, Time: 0.1158599853515625, NFound: 10, Coef: 10
Round: 2, Attack Type: Statistical Attack, Error: 0, Time: 0.10506892204284668, NFound: 10, Coef: 10
