Round: 1, Attack Type: Statistical Attack, Error: 0, Time: 0.07653403282165527, NFound: 10, Coef: 10
Round: 2, Attack Type: Statistical Attack, Error: 0, Time: 0.07487201690673828, NFound: 10, Coef: 10
