Round: 1, Attack Type: Statistical Attack, Error: 0, Time: 0.058702945709228516, NFound: 5, Coef: 8
Round: 2, Attack Type: Statistical Attack, Error: 0, Time: 0.06637787818908691, NFound: 10, Coef: 10
