Round: 1, Attack Type: Statistical Attack, Error: 0, Time: 0.07113194465637207, NFound: 10, Coef: 10
Round: 2, Attack Type: Statistical Attack, Error: 0, Time: 0.08626413345336914, NFound: 10, Coef: 10
