Round: 1, Attack Type: Statistical Attack, Error: 0, Time: 0.11625194549560547, NFound: 9, Coef: 8
Round: 2, Attack Type: Statistical Attack, Error: 0, Time: 0.2669839859008789, NFound: 9, Coef: 8
