Round: 1, Attack Type: Statistical Attack, Error: 0, Time: 0.13458991050720215, NFound: 5, Coef: 8
Round: 2, Attack Type: Statistical Attack, Error: 0, Time: 0.1098489761352539, NFound: 10, Coef: 10
