Round: 1, Attack Type: Statistical Attack, Error: 0, Time: 0.10305619239807129, NFound: 5, Coef: 8
Round: 2, Attack Type: Statistical Attack, Error: 0, Time: 0.1141669750213623, NFound: 10, Coef: 10
