Round: 1, Attack Type: Statistical Attack, Error: 0, Time: 0.07003974914550781, NFound: 10, Coef: 10
Round: 2, Attack Type: Statistical Attack, Error: 0, Time: 0.08594703674316406, NFound: 10, Coef: 10
