Round: 1, Attack Type: Statistical Attack, Error: 0, Time: 0.0732269287109375, NFound: 5, Coef: 8
Round: 2, Attack Type: Statistical Attack, Error: 0, Time: 0.08745002746582031, NFound: 9, Coef: 8
