Round: 1, Attack Type: Statistical Attack, Error: 0, Time: 0.06806111335754395, NFound: 10, Coef: 10
Round: 2, Attack Type: Statistical Attack, Error: 0, Time: 0.0797429084777832, NFound: 10, Coef: 10
