Round: 1, Attack Type: Statistical Attack, Error: 0, Time: 0.07592105865478516, NFound: 10, Coef: 10
Round: 2, Attack Type: Statistical Attack, Error: 0, Time: 0.0950160026550293, NFound: 10, Coef: 10
