Round: 1, Attack Type: Statistical Attack, Error: 0, Time: 0.0889430046081543, NFound: 10, Coef: 10
Round: 2, Attack Type: Statistical Attack, Error: 0, Time: 0.09963083267211914, NFound: 10, Coef: 10
