Round: 1, Attack Type: Statistical Attack, Error: 0, Time: 0.0855412483215332, NFound: 10, Coef: 10
Round: 2, Attack Type: Statistical Attack, Error: 0, Time: 0.10210895538330078, NFound: 10, Coef: 10
