Round: 1, Attack Type: Statistical Attack, Error: 0, Time: 0.10240602493286133, NFound: 10, Coef: 10
Round: 2, Attack Type: Statistical Attack, Error: 0, Time: 0.09874892234802246, NFound: 10, Coef: 10
