Round: 1, Attack Type: Statistical Attack, Error: 0, Time: 0.07501506805419922, NFound: 5, Coef: 8
Round: 2, Attack Type: Statistical Attack, Error: 0, Time: 0.08246898651123047, NFound: 10, Coef: 10
