Round: 1, Attack Type: Statistical Attack, Error: 0, Time: 0.06987404823303223, NFound: 10, Coef: 10
Round: 2, Attack Type: Statistical Attack, Error: 0, Time: 0.08083629608154297, NFound: 10, Coef: 10
