Round: 1, Attack Type: Statistical Attack, Error: 0, Time: 0.09919214248657227, NFound: 9, Coef: 8
Round: 2, Attack Type: Statistical Attack, Error: 0, Time: 0.11033511161804199, NFound: 10, Coef: 10
