Round: 1, Attack Type: Statistical Attack, Error: 0, Time: 0.07263517379760742, NFound: 10, Coef: 10
Round: 2, Attack Type: Statistical Attack, Error: 0, Time: 0.08730125427246094, NFound: 10, Coef: 10
