Round: 1, Attack Type: Statistical Attack, Error: 0, Time: 0.07803893089294434, NFound: 10, Coef: 10
Round: 2, Attack Type: Statistical Attack, Error: 0, Time: 0.08179211616516113, NFound: 10, Coef: 10
