Round: 1, Attack Type: Statistical Attack, Error: 0, Time: 0.07456207275390625, NFound: 10, Coef: 10
Round: 2, Attack Type: Statistical Attack, Error: 0, Time: 0.08640599250793457, NFound: 10, Coef: 10
