Round: 1, Attack Type: Statistical Attack, Error: 0, Time: 0.07995319366455078, NFound: 10, Coef: 10
Round: 2, Attack Type: Statistical Attack, Error: 0, Time: 0.07809019088745117, NFound: 10, Coef: 10
