Round: 1, Attack Type: Statistical Attack, Error: 0, Time: 0.06973075866699219, NFound: 10, Coef: 10
Round: 2, Attack Type: Statistical Attack, Error: 0, Time: 0.07534170150756836, NFound: 10, Coef: 10
