Round: 1, Attack Type: Statistical Attack, Error: 0, Time: 0.1569371223449707, NFound: 10, Coef: 10
Round: 2, Attack Type: Statistical Attack, Error: 0, Time: 0.16753721237182617, NFound: 10, Coef: 10
