Round: 1, Attack Type: Statistical Attack, Error: 0, Time: 0.07832694053649902, NFound: 5, Coef: 8
Round: 2, Attack Type: Statistical Attack, Error: 0, Time: 0.07555794715881348, NFound: 10, Coef: 10
