Round: 1, Attack Type: Statistical Attack, Error: 0, Time: 0.08640003204345703, NFound: 10, Coef: 10
Round: 2, Attack Type: Statistical Attack, Error: 0, Time: 0.09799313545227051, NFound: 10, Coef: 10
