Round: 1, Attack Type: Statistical Attack, Error: 0, Time: 0.09065389633178711, NFound: 5, Coef: 8
Round: 2, Attack Type: Statistical Attack, Error: 0, Time: 0.09609603881835938, NFound: 10, Coef: 10
