Round: 1, Attack Type: Statistical Attack, Error: 0, Time: 0.058557987213134766, NFound: 10, Coef: 10
Round: 2, Attack Type: Statistical Attack, Error: 0, Time: 0.06440377235412598, NFound: 10, Coef: 10
