Round: 1, Attack Type: Statistical Attack, Error: 0, Time: 0.08683896064758301, NFound: 10, Coef: 10
Round: 2, Attack Type: Statistical Attack, Error: 0, Time: 0.10677194595336914, NFound: 10, Coef: 10
