Round: 1, Attack Type: Statistical Attack, Error: 0, Time: 0.08441495895385742, NFound: 10, Coef: 10
Round: 2, Attack Type: Statistical Attack, Error: 0, Time: 0.07676100730895996, NFound: 10, Coef: 10
