Round: 1, Attack Type: Statistical Attack, Error: 0, Time: 0.08047795295715332, NFound: 5, Coef: 8
Round: 2, Attack Type: Statistical Attack, Error: 0, Time: 0.07798314094543457, NFound: 10, Coef: 10
