Round: 1, Attack Type: Statistical Attack, Error: 0, Time: 0.08162403106689453, NFound: 5, Coef: 8
Round: 2, Attack Type: Statistical Attack, Error: 0, Time: 0.08178305625915527, NFound: 10, Coef: 10
