Round: 1, Attack Type: Statistical Attack, Error: 0, Time: 0.07844686508178711, NFound: 5, Coef: 8
Round: 2, Attack Type: Statistical Attack, Error: 0, Time: 0.08273887634277344, NFound: 10, Coef: 10
