Round: 1, Attack Type: Statistical Attack, Error: 0, Time: 0.05756425857543945, NFound: 10, Coef: 10
Round: 2, Attack Type: Statistical Attack, Error: 0, Time: 0.06958127021789551, NFound: 10, Coef: 10
