Round: 1, Attack Type: Statistical Attack, Error: 0, Time: 0.09778928756713867, NFound: 5, Coef: 8
Round: 2, Attack Type: Statistical Attack, Error: 0, Time: 0.11142086982727051, NFound: 10, Coef: 10
