Round: 1, Attack Type: Statistical Attack, Error: 0, Time: 0.07753920555114746, NFound: 5, Coef: 8
Round: 2, Attack Type: Statistical Attack, Error: 0, Time: 0.10746908187866211, NFound: 9, Coef: 8
