Round: 1, Attack Type: Statistical Attack, Error: 0, Time: 0.07892084121704102, NFound: 5, Coef: 8
Round: 2, Attack Type: Statistical Attack, Error: 0, Time: 0.09346508979797363, NFound: 10, Coef: 10
