Round: 1, Attack Type: Statistical Attack, Error: 0, Time: 0.09185099601745605, NFound: 5, Coef: 8
Round: 2, Attack Type: Statistical Attack, Error: 0, Time: 0.0897829532623291, NFound: 10, Coef: 10
