Round: 1, Attack Type: Statistical Attack, Error: 0, Time: 0.08121085166931152, NFound: 5, Coef: 8
Round: 2, Attack Type: Statistical Attack, Error: 0, Time: 0.07985305786132812, NFound: 10, Coef: 10
