Round: 1, Attack Type: Statistical Attack, Error: 0, Time: 0.07062506675720215, NFound: 10, Coef: 10
Round: 2, Attack Type: Statistical Attack, Error: 0, Time: 0.08380603790283203, NFound: 10, Coef: 10
