Round: 1, Attack Type: Statistical Attack, Error: 0, Time: 0.08068990707397461, NFound: 10, Coef: 10
Round: 2, Attack Type: Statistical Attack, Error: 0, Time: 0.08933782577514648, NFound: 10, Coef: 10
