Round: 1, Attack Type: Statistical Attack, Error: 0, Time: 0.07339692115783691, NFound: 10, Coef: 10
Round: 2, Attack Type: Statistical Attack, Error: 0, Time: 0.07554316520690918, NFound: 10, Coef: 10
