Round: 1, Attack Type: Statistical Attack, Error: 0, Time: 0.0857090950012207, NFound: 5, Coef: 8
Round: 2, Attack Type: Statistical Attack, Error: 0, Time: 0.10650181770324707, NFound: 10, Coef: 10
