Round: 1, Attack Type: Statistical Attack, Error: 0, Time: 0.0730292797088623, NFound: 10, Coef: 10
Round: 2, Attack Type: Statistical Attack, Error: 0, Time: 0.08635497093200684, NFound: 10, Coef: 10
