Round: 1, Attack Type: Statistical Attack, Error: 0, Time: 0.09725499153137207, NFound: 5, Coef: 8
Round: 2, Attack Type: Statistical Attack, Error: 0, Time: 0.10757684707641602, NFound: 10, Coef: 10
