Round: 1, Attack Type: Statistical Attack, Error: 0, Time: 0.0802927017211914, NFound: 5, Coef: 8
Round: 2, Attack Type: Statistical Attack, Error: 0, Time: 0.08383011817932129, NFound: 10, Coef: 10
