Round: 1, Attack Type: Statistical Attack, Error: 0, Time: 0.08624792098999023, NFound: 5, Coef: 8
Round: 2, Attack Type: Statistical Attack, Error: 0, Time: 0.09369802474975586, NFound: 10, Coef: 10
