Round: 1, Attack Type: Statistical Attack, Error: 0, Time: 0.08256411552429199, NFound: 9, Coef: 9
Round: 2, Attack Type: Statistical Attack, Error: 0, Time: 0.08269119262695312, NFound: 10, Coef: 10
