Round: 1, Attack Type: Statistical Attack, Error: 0, Time: 0.07100701332092285, NFound: 10, Coef: 10
Round: 2, Attack Type: Statistical Attack, Error: 0, Time: 0.07869887351989746, NFound: 10, Coef: 10
