Round: 1, Attack Type: Statistical Attack, Error: 0, Time: 0.0749671459197998, NFound: 10, Coef: 10
Round: 2, Attack Type: Statistical Attack, Error: 0, Time: 0.08588504791259766, NFound: 10, Coef: 10
