Round: 1, Attack Type: Statistical Attack, Error: 0, Time: 0.06320500373840332, NFound: 5, Coef: 8
Round: 2, Attack Type: Statistical Attack, Error: 0, Time: 0.06635308265686035, NFound: 10, Coef: 10
