Round: 1, Attack Type: Statistical Attack, Error: 0, Time: 0.07273197174072266, NFound: 5, Coef: 8
Round: 2, Attack Type: Statistical Attack, Error: 0, Time: 0.07967805862426758, NFound: 10, Coef: 10
