Round: 1, Attack Type: Statistical Attack, Error: 0, Time: 0.07955217361450195, NFound: 9, Coef: 8
Round: 2, Attack Type: Statistical Attack, Error: 0, Time: 0.09264373779296875, NFound: 10, Coef: 10
