Round: 1, Attack Type: Statistical Attack, Error: 0, Time: 0.08170795440673828, NFound: 5, Coef: 8
Round: 2, Attack Type: Statistical Attack, Error: 0, Time: 0.08545398712158203, NFound: 10, Coef: 10
