Round: 1, Attack Type: Statistical Attack, Error: 0, Time: 0.07835507392883301, NFound: 5, Coef: 8
Round: 2, Attack Type: Statistical Attack, Error: 0, Time: 0.07894206047058105, NFound: 10, Coef: 10
