Round: 1, Attack Type: Statistical Attack, Error: 0, Time: 0.0816030502319336, NFound: 5, Coef: 8
Round: 2, Attack Type: Statistical Attack, Error: 0, Time: 0.07974600791931152, NFound: 10, Coef: 10
