Round: 1, Attack Type: Statistical Attack, Error: 0, Time: 0.1184849739074707, NFound: 5, Coef: 8
Round: 2, Attack Type: Statistical Attack, Error: 0, Time: 0.12957286834716797, NFound: 10, Coef: 10
