Round: 1, Attack Type: Statistical Attack, Error: 0, Time: 0.08222198486328125, NFound: 5, Coef: 8
Round: 2, Attack Type: Statistical Attack, Error: 0, Time: 0.07953119277954102, NFound: 10, Coef: 10
