Round: 1, Attack Type: Statistical Attack, Error: 0, Time: 0.11525392532348633, NFound: 5, Coef: 8
Round: 2, Attack Type: Statistical Attack, Error: 0, Time: 0.10995292663574219, NFound: 10, Coef: 10
