Round: 1, Attack Type: Statistical Attack, Error: 0, Time: 0.07250499725341797, NFound: 10, Coef: 10
Round: 2, Attack Type: Statistical Attack, Error: 0, Time: 0.08097505569458008, NFound: 10, Coef: 10
