Round: 1, Attack Type: Statistical Attack, Error: 0, Time: 0.07865786552429199, NFound: 10, Coef: 10
Round: 2, Attack Type: Statistical Attack, Error: 0, Time: 0.07780718803405762, NFound: 10, Coef: 10
