Round: 1, Attack Type: Statistical Attack, Error: 0, Time: 0.09728813171386719, NFound: 10, Coef: 10
Round: 2, Attack Type: Statistical Attack, Error: 0, Time: 0.10681486129760742, NFound: 10, Coef: 10
