Round: 1, Attack Type: Statistical Attack, Error: 0, Time: 0.07193875312805176, NFound: 5, Coef: 8
Round: 2, Attack Type: Statistical Attack, Error: 0, Time: 0.08394908905029297, NFound: 10, Coef: 10
