Round: 1, Attack Type: Statistical Attack, Error: 0, Time: 0.08500194549560547, NFound: 9, Coef: 8
Round: 2, Attack Type: Statistical Attack, Error: 0, Time: 0.09244799613952637, NFound: 10, Coef: 10
