Round: 1, Attack Type: Statistical Attack, Error: 0, Time: 0.06228780746459961, NFound: 10, Coef: 10
Round: 2, Attack Type: Statistical Attack, Error: 0, Time: 0.07350301742553711, NFound: 10, Coef: 10
