Round: 1, Attack Type: Statistical Attack, Error: 0, Time: 0.07843995094299316, NFound: 5, Coef: 8
Round: 2, Attack Type: Statistical Attack, Error: 0, Time: 0.07921409606933594, NFound: 10, Coef: 10
