Round: 1, Attack Type: Statistical Attack, Error: 0, Time: 0.0802161693572998, NFound: 5, Coef: 8
Round: 2, Attack Type: Statistical Attack, Error: 0, Time: 0.08456683158874512, NFound: 10, Coef: 10
