Round: 1, Attack Type: Statistical Attack, Error: 0, Time: 0.07976603507995605, NFound: 5, Coef: 8
Round: 2, Attack Type: Statistical Attack, Error: 0, Time: 0.08330273628234863, NFound: 10, Coef: 10
