Round: 1, Attack Type: Statistical Attack, Error: 0, Time: 0.07619786262512207, NFound: 10, Coef: 10
Round: 2, Attack Type: Statistical Attack, Error: 0, Time: 0.08079934120178223, NFound: 10, Coef: 10
