Round: 1, Attack Type: Statistical Attack, Error: 0, Time: 0.08649182319641113, NFound: 5, Coef: 8
Round: 2, Attack Type: Statistical Attack, Error: 0, Time: 0.09744381904602051, NFound: 10, Coef: 10
