Round: 1, Attack Type: Statistical Attack, Error: 0, Time: 0.1022958755493164, NFound: 5, Coef: 8
Round: 2, Attack Type: Statistical Attack, Error: 0, Time: 0.11736416816711426, NFound: 10, Coef: 10
