Round: 1, Attack Type: Statistical Attack, Error: 0, Time: 0.10666394233703613, NFound: 10, Coef: 10
Round: 2, Attack Type: Statistical Attack, Error: 0, Time: 0.10578703880310059, NFound: 9, Coef: 8
