Round: 1, Attack Type: Statistical Attack, Error: 0, Time: 0.08230805397033691, NFound: 5, Coef: 8
Round: 2, Attack Type: Statistical Attack, Error: 0, Time: 0.10810708999633789, NFound: 10, Coef: 10
