Round: 1, Attack Type: Statistical Attack, Error: 0, Time: 0.09985589981079102, NFound: 5, Coef: 8
Round: 2, Attack Type: Statistical Attack, Error: 0, Time: 0.09926104545593262, NFound: 10, Coef: 10
