Round: 1, Attack Type: Statistical Attack, Error: 0, Time: 0.06944775581359863, NFound: 5, Coef: 8
Round: 2, Attack Type: Statistical Attack, Error: 0, Time: 0.07742834091186523, NFound: 10, Coef: 10
