Round: 1, Attack Type: Statistical Attack, Error: 0, Time: 0.10158514976501465, NFound: 5, Coef: 8
Round: 2, Attack Type: Statistical Attack, Error: 0, Time: 0.16106414794921875, NFound: 10, Coef: 10
