Round: 1, Attack Type: Statistical Attack, Error: 0, Time: 0.0781550407409668, NFound: 5, Coef: 8
Round: 2, Attack Type: Statistical Attack, Error: 0, Time: 0.07937836647033691, NFound: 10, Coef: 10
