Round: 1, Attack Type: Statistical Attack, Error: 0, Time: 0.09950089454650879, NFound: 10, Coef: 10
Round: 2, Attack Type: Statistical Attack, Error: 0, Time: 0.11509108543395996, NFound: 10, Coef: 10
