Round: 1, Attack Type: Statistical Attack, Error: 0, Time: 0.0693209171295166, NFound: 10, Coef: 10
Round: 2, Attack Type: Statistical Attack, Error: 0, Time: 0.07950592041015625, NFound: 10, Coef: 10
