Round: 1, Attack Type: Statistical Attack, Error: 0, Time: 0.0743253231048584, NFound: 10, Coef: 10
Round: 2, Attack Type: Statistical Attack, Error: 0, Time: 0.08490419387817383, NFound: 10, Coef: 10
