Round: 1, Attack Type: Statistical Attack, Error: 0, Time: 0.08583402633666992, NFound: 10, Coef: 10
Round: 2, Attack Type: Statistical Attack, Error: 0, Time: 0.11952781677246094, NFound: 10, Coef: 10
