Round: 1, Attack Type: Statistical Attack, Error: 0, Time: 0.0662240982055664, NFound: 10, Coef: 10
Round: 2, Attack Type: Statistical Attack, Error: 0, Time: 0.07113528251647949, NFound: 10, Coef: 10
