Round: 1, Attack Type: Statistical Attack, Error: 0, Time: 0.06143498420715332, NFound: 10, Coef: 10
Round: 2, Attack Type: Statistical Attack, Error: 0, Time: 0.06627297401428223, NFound: 10, Coef: 10
