Round: 1, Attack Type: Statistical Attack, Error: 0, Time: 0.07506918907165527, NFound: 5, Coef: 8
Round: 2, Attack Type: Statistical Attack, Error: 0, Time: 0.07291412353515625, NFound: 10, Coef: 10
