Round: 1, Attack Type: Statistical Attack, Error: 0, Time: 0.07825708389282227, NFound: 10, Coef: 10
Round: 2, Attack Type: Statistical Attack, Error: 0, Time: 0.07668805122375488, NFound: 10, Coef: 10
