Round: 1, Attack Type: Statistical Attack, Error: 0, Time: 0.0722341537475586, NFound: 10, Coef: 10
Round: 2, Attack Type: Statistical Attack, Error: 0, Time: 0.08530998229980469, NFound: 10, Coef: 10
