Round: 1, Attack Type: Statistical Attack, Error: 0, Time: 0.10060787200927734, NFound: 10, Coef: 10
Round: 2, Attack Type: Statistical Attack, Error: 0, Time: 0.10408806800842285, NFound: 9, Coef: 8
