Round: 1, Attack Type: Statistical Attack, Error: 0, Time: 0.06537795066833496, NFound: 5, Coef: 8
Round: 2, Attack Type: Statistical Attack, Error: 0, Time: 0.08527684211730957, NFound: 10, Coef: 10
