Round: 1, Attack Type: Statistical Attack, Error: 0, Time: 0.08476901054382324, NFound: 10, Coef: 10
Round: 2, Attack Type: Statistical Attack, Error: 0, Time: 0.08828377723693848, NFound: 10, Coef: 10
