Round: 1, Attack Type: Statistical Attack, Error: 0, Time: 0.07557487487792969, NFound: 10, Coef: 10
Round: 2, Attack Type: Statistical Attack, Error: 0, Time: 0.08717703819274902, NFound: 10, Coef: 10
