Round: 1, Attack Type: Statistical Attack, Error: 0, Time: 0.0789339542388916, NFound: 9, Coef: 8
Round: 2, Attack Type: Statistical Attack, Error: 0, Time: 0.08272814750671387, NFound: 10, Coef: 10
