Round: 1, Attack Type: Statistical Attack, Error: 0, Time: 0.08418726921081543, NFound: 10, Coef: 10
Round: 2, Attack Type: Statistical Attack, Error: 0, Time: 0.08278918266296387, NFound: 10, Coef: 10
