Round: 1, Attack Type: Statistical Attack, Error: 0, Time: 0.07607722282409668, NFound: 10, Coef: 10
Round: 2, Attack Type: Statistical Attack, Error: 0, Time: 0.07947778701782227, NFound: 10, Coef: 10
