Round: 1, Attack Type: Statistical Attack, Error: 0, Time: 0.08140397071838379, NFound: 5, Coef: 8
Round: 2, Attack Type: Statistical Attack, Error: 0, Time: 0.09323596954345703, NFound: 9, Coef: 8
