Round: 1, Attack Type: Statistical Attack, Error: 0, Time: 0.06951618194580078, NFound: 5, Coef: 8
Round: 2, Attack Type: Statistical Attack, Error: 0, Time: 0.07116389274597168, NFound: 10, Coef: 10
