Round: 1, Attack Type: Statistical Attack, Error: 0, Time: 0.10029411315917969, NFound: 10, Coef: 10
Round: 2, Attack Type: Statistical Attack, Error: 0, Time: 0.10763001441955566, NFound: 10, Coef: 10
