Round: 1, Attack Type: Statistical Attack, Error: 0, Time: 0.07879400253295898, NFound: 10, Coef: 10
Round: 2, Attack Type: Statistical Attack, Error: 0, Time: 0.08315014839172363, NFound: 10, Coef: 10
