Round: 1, Attack Type: Statistical Attack, Error: 0, Time: 0.06176900863647461, NFound: 10, Coef: 10
Round: 2, Attack Type: Statistical Attack, Error: 0, Time: 0.0666041374206543, NFound: 10, Coef: 10
