Round: 1, Attack Type: Statistical Attack, Error: 0, Time: 0.10938596725463867, NFound: 5, Coef: 8
Round: 2, Attack Type: Statistical Attack, Error: 0, Time: 0.10709810256958008, NFound: 10, Coef: 10
