Round: 1, Attack Type: Statistical Attack, Error: 0, Time: 0.07407712936401367, NFound: 10, Coef: 10
Round: 2, Attack Type: Statistical Attack, Error: 0, Time: 0.08381271362304688, NFound: 10, Coef: 10
