Round: 1, Attack Type: Statistical Attack, Error: 0, Time: 0.07484793663024902, NFound: 5, Coef: 8
Round: 2, Attack Type: Statistical Attack, Error: 0, Time: 0.08510780334472656, NFound: 10, Coef: 10
