Round: 1, Attack Type: Statistical Attack, Error: 0, Time: 0.09075307846069336, NFound: 9, Coef: 8
Round: 2, Attack Type: Statistical Attack, Error: 0, Time: 0.08699893951416016, NFound: 10, Coef: 10
