Round: 1, Attack Type: Statistical Attack, Error: 0, Time: 0.0817420482635498, NFound: 10, Coef: 10
Round: 2, Attack Type: Statistical Attack, Error: 0, Time: 0.10125422477722168, NFound: 10, Coef: 10
