Round: 1, Attack Type: Statistical Attack, Error: 0, Time: 0.0830850601196289, NFound: 5, Coef: 8
Round: 2, Attack Type: Statistical Attack, Error: 0, Time: 0.08536005020141602, NFound: 9, Coef: 8
