Round: 1, Attack Type: Statistical Attack, Error: 0, Time: 0.08284616470336914, NFound: 10, Coef: 10
Round: 2, Attack Type: Statistical Attack, Error: 0, Time: 0.0999290943145752, NFound: 10, Coef: 10
