Round: 1, Attack Type: Statistical Attack, Error: 0, Time: 0.07406306266784668, NFound: 5, Coef: 8
Round: 2, Attack Type: Statistical Attack, Error: 0, Time: 0.08086299896240234, NFound: 10, Coef: 10
