Round: 1, Attack Type: Statistical Attack, Error: 0, Time: 0.08673691749572754, NFound: 9, Coef: 8
Round: 2, Attack Type: Statistical Attack, Error: 0, Time: 0.08316397666931152, NFound: 10, Coef: 10
