Round: 1, Attack Type: Statistical Attack, Error: 0, Time: 0.05878710746765137, NFound: 10, Coef: 10
Round: 2, Attack Type: Statistical Attack, Error: 0, Time: 0.07293415069580078, NFound: 10, Coef: 10
