Round: 1, Attack Type: Statistical Attack, Error: 0, Time: 0.10017108917236328, NFound: 5, Coef: 8
Round: 2, Attack Type: Statistical Attack, Error: 0, Time: 0.11312985420227051, NFound: 9, Coef: 8
