Round: 1, Attack Type: Statistical Attack, Error: 0, Time: 1.5615959167480469, NFound: 10, Coef: 10
Round: 2, Attack Type: Statistical Attack, Error: 0, Time: 0.09720277786254883, NFound: 9, Coef: 8
