Round: 1, Attack Type: Statistical Attack, Error: 0, Time: 0.09479594230651855, NFound: 10, Coef: 10
Round: 2, Attack Type: Statistical Attack, Error: 0, Time: 0.0930490493774414, NFound: 10, Coef: 10
