Round: 1, Attack Type: Statistical Attack, Error: 0, Time: 0.07562398910522461, NFound: 5, Coef: 8
Round: 2, Attack Type: Statistical Attack, Error: 0, Time: 0.0860128402709961, NFound: 10, Coef: 10
