Round: 1, Attack Type: Statistical Attack, Error: 0, Time: 0.07366704940795898, NFound: 5, Coef: 8
Round: 2, Attack Type: Statistical Attack, Error: 0, Time: 0.07894492149353027, NFound: 10, Coef: 10
