Round: 1, Attack Type: Statistical Attack, Error: 0, Time: 0.058847904205322266, NFound: 10, Coef: 10
Round: 2, Attack Type: Statistical Attack, Error: 0, Time: 0.06834292411804199, NFound: 10, Coef: 10
