Round: 1, Attack Type: Statistical Attack, Error: 0, Time: 0.12301015853881836, NFound: 10, Coef: 10
Round: 2, Attack Type: Statistical Attack, Error: 0, Time: 0.09687685966491699, NFound: 10, Coef: 10
