Round: 1, Attack Type: Statistical Attack, Error: 0, Time: 0.07589912414550781, NFound: 5, Coef: 8
Round: 2, Attack Type: Statistical Attack, Error: 0, Time: 0.0800931453704834, NFound: 10, Coef: 10
