Round: 1, Attack Type: Statistical Attack, Error: 0, Time: 0.08133888244628906, NFound: 10, Coef: 10
Round: 2, Attack Type: Statistical Attack, Error: 0, Time: 0.08186817169189453, NFound: 10, Coef: 10
