Round: 1, Attack Type: Statistical Attack, Error: 0, Time: 0.0786139965057373, NFound: 5, Coef: 8
Round: 2, Attack Type: Statistical Attack, Error: 0, Time: 0.08104491233825684, NFound: 10, Coef: 10
