Round: 1, Attack Type: Statistical Attack, Error: 0, Time: 0.06992197036743164, NFound: 10, Coef: 10
Round: 2, Attack Type: Statistical Attack, Error: 0, Time: 0.0861203670501709, NFound: 9, Coef: 8
