Round: 1, Attack Type: Statistical Attack, Error: 0, Time: 0.08420991897583008, NFound: 5, Coef: 8
Round: 2, Attack Type: Statistical Attack, Error: 0, Time: 0.07854366302490234, NFound: 10, Coef: 10
