Round: 1, Attack Type: Statistical Attack, Error: 0, Time: 0.07658600807189941, NFound: 10, Coef: 10
Round: 2, Attack Type: Statistical Attack, Error: 0, Time: 0.08468484878540039, NFound: 10, Coef: 10
