Round: 1, Attack Type: Statistical Attack, Error: 0, Time: 0.09731674194335938, NFound: 5, Coef: 8
Round: 2, Attack Type: Statistical Attack, Error: 0, Time: 0.11890578269958496, NFound: 10, Coef: 10
