Round: 1, Attack Type: Statistical Attack, Error: 0, Time: 0.07120609283447266, NFound: 10, Coef: 10
Round: 2, Attack Type: Statistical Attack, Error: 0, Time: 0.08169031143188477, NFound: 10, Coef: 10
