Round: 1, Attack Type: Statistical Attack, Error: 0, Time: 0.11190199851989746, NFound: 10, Coef: 10
Round: 2, Attack Type: Statistical Attack, Error: 0, Time: 0.11776995658874512, NFound: 10, Coef: 10
