Round: 1, Attack Type: Statistical Attack, Error: 0, Time: 0.08490800857543945, NFound: 5, Coef: 8
Round: 2, Attack Type: Statistical Attack, Error: 0, Time: 0.09665393829345703, NFound: 10, Coef: 10
