Round: 1, Attack Type: Statistical Attack, Error: 0, Time: 0.09866809844970703, NFound: 10, Coef: 10
Round: 2, Attack Type: Statistical Attack, Error: 0, Time: 0.10446524620056152, NFound: 10, Coef: 10
