Round: 1, Attack Type: Statistical Attack, Error: 0, Time: 0.056646108627319336, NFound: 10, Coef: 10
Round: 2, Attack Type: Statistical Attack, Error: 0, Time: 0.06902003288269043, NFound: 10, Coef: 10
