Round: 1, Attack Type: Statistical Attack, Error: 0, Time: 0.06913876533508301, NFound: 10, Coef: 10
Round: 2, Attack Type: Statistical Attack, Error: 0, Time: 0.0833740234375, NFound: 10, Coef: 10
