Round: 1, Attack Type: Statistical Attack, Error: 0, Time: 0.07509493827819824, NFound: 10, Coef: 10
Round: 2, Attack Type: Statistical Attack, Error: 0, Time: 0.08900094032287598, NFound: 10, Coef: 10
