Round: 1, Attack Type: Statistical Attack, Error: 0, Time: 0.07255411148071289, NFound: 5, Coef: 8
Round: 2, Attack Type: Statistical Attack, Error: 0, Time: 0.08583712577819824, NFound: 10, Coef: 10
