Round: 1, Attack Type: Statistical Attack, Error: 0, Time: 0.07353377342224121, NFound: 10, Coef: 10
Round: 2, Attack Type: Statistical Attack, Error: 0, Time: 0.08694720268249512, NFound: 10, Coef: 10
