Round: 1, Attack Type: Statistical Attack, Error: 0, Time: 0.07532978057861328, NFound: 10, Coef: 10
Round: 2, Attack Type: Statistical Attack, Error: 0, Time: 0.08355498313903809, NFound: 10, Coef: 10
