Round: 1, Attack Type: Statistical Attack, Error: 0, Time: 0.09746718406677246, NFound: 10, Coef: 10
Round: 2, Attack Type: Statistical Attack, Error: 0, Time: 0.12410378456115723, NFound: 10, Coef: 10
