Round: 1, Attack Type: Statistical Attack, Error: 0, Time: 0.10407900810241699, NFound: 9, Coef: 8
Round: 2, Attack Type: Statistical Attack, Error: 0, Time: 0.12077713012695312, NFound: 10, Coef: 10
