Round: 1, Attack Type: Statistical Attack, Error: 0, Time: 0.07183408737182617, NFound: 5, Coef: 8
Round: 2, Attack Type: Statistical Attack, Error: 0, Time: 0.08237504959106445, NFound: 10, Coef: 10
