Round: 1, Attack Type: Statistical Attack, Error: 0, Time: 0.08231019973754883, NFound: 10, Coef: 10
Round: 2, Attack Type: Statistical Attack, Error: 0, Time: 0.1037130355834961, NFound: 10, Coef: 10
