Round: 1, Attack Type: Statistical Attack, Error: 0, Time: 0.08082890510559082, NFound: 5, Coef: 8
Round: 2, Attack Type: Statistical Attack, Error: 0, Time: 0.08351397514343262, NFound: 10, Coef: 10
