Round: 1, Attack Type: Statistical Attack, Error: 0, Time: 0.10694026947021484, NFound: 5, Coef: 8
Round: 2, Attack Type: Statistical Attack, Error: 0, Time: 0.1178278923034668, NFound: 10, Coef: 10
