Round: 1, Attack Type: Statistical Attack, Error: 0, Time: 0.05666089057922363, NFound: 10, Coef: 10
Round: 2, Attack Type: Statistical Attack, Error: 0, Time: 0.07851815223693848, NFound: 9, Coef: 8
