Round: 1, Attack Type: Statistical Attack, Error: 0, Time: 0.08595871925354004, NFound: 10, Coef: 10
Round: 2, Attack Type: Statistical Attack, Error: 0, Time: 0.09300875663757324, NFound: 10, Coef: 10
