Round: 1, Attack Type: Statistical Attack, Error: 0, Time: 0.07792019844055176, NFound: 5, Coef: 8
Round: 2, Attack Type: Statistical Attack, Error: 0, Time: 0.08716416358947754, NFound: 10, Coef: 10
