Round: 1, Attack Type: Statistical Attack, Error: 0, Time: 0.07227802276611328, NFound: 10, Coef: 10
Round: 2, Attack Type: Statistical Attack, Error: 0, Time: 0.08106017112731934, NFound: 10, Coef: 10
