Round: 1, Attack Type: Statistical Attack, Error: 0, Time: 0.08111906051635742, NFound: 5, Coef: 8
Round: 2, Attack Type: Statistical Attack, Error: 0, Time: 0.08852291107177734, NFound: 10, Coef: 10
