Round: 1, Attack Type: Statistical Attack, Error: 0, Time: 0.06055808067321777, NFound: 5, Coef: 8
Round: 2, Attack Type: Statistical Attack, Error: 0, Time: 0.06457901000976562, NFound: 10, Coef: 10
