Round: 1, Attack Type: Statistical Attack, Error: 0, Time: 0.0918891429901123, NFound: 10, Coef: 10
Round: 2, Attack Type: Statistical Attack, Error: 0, Time: 0.11011195182800293, NFound: 9, Coef: 8
