Round: 1, Attack Type: Statistical Attack, Error: 0, Time: 0.10314702987670898, NFound: 10, Coef: 10
Round: 2, Attack Type: Statistical Attack, Error: 0, Time: 0.10460305213928223, NFound: 10, Coef: 10
