Round: 1, Attack Type: Statistical Attack, Error: 0, Time: 0.07821798324584961, NFound: 10, Coef: 10
Round: 2, Attack Type: Statistical Attack, Error: 0, Time: 0.07749390602111816, NFound: 10, Coef: 10
