Round: 1, Attack Type: Statistical Attack, Error: 0, Time: 0.09784221649169922, NFound: 5, Coef: 8
Round: 2, Attack Type: Statistical Attack, Error: 0, Time: 0.10069513320922852, NFound: 10, Coef: 10
