Round: 1, Attack Type: Statistical Attack, Error: 0, Time: 0.06755900382995605, NFound: 10, Coef: 10
Round: 2, Attack Type: Statistical Attack, Error: 0, Time: 0.08238101005554199, NFound: 10, Coef: 10
