Round: 1, Attack Type: Statistical Attack, Error: 0, Time: 0.0772709846496582, NFound: 10, Coef: 10
Round: 2, Attack Type: Statistical Attack, Error: 0, Time: 0.09792470932006836, NFound: 10, Coef: 10
