Round: 1, Attack Type: Statistical Attack, Error: 0, Time: 0.09604001045227051, NFound: 10, Coef: 10
Round: 2, Attack Type: Statistical Attack, Error: 0, Time: 0.11829590797424316, NFound: 10, Coef: 10
