Round: 1, Attack Type: Statistical Attack, Error: 0, Time: 0.07703328132629395, NFound: 5, Coef: 8
Round: 2, Attack Type: Statistical Attack, Error: 0, Time: 0.08155274391174316, NFound: 10, Coef: 10
