Round: 1, Attack Type: Statistical Attack, Error: 0, Time: 0.0767827033996582, NFound: 5, Coef: 8
Round: 2, Attack Type: Statistical Attack, Error: 0, Time: 0.08634114265441895, NFound: 10, Coef: 10
