Round: 1, Attack Type: Statistical Attack, Error: 0, Time: 0.07492685317993164, NFound: 10, Coef: 10
Round: 2, Attack Type: Statistical Attack, Error: 0, Time: 0.08615517616271973, NFound: 10, Coef: 10
