Round: 1, Attack Type: Statistical Attack, Error: 0, Time: 0.06170320510864258, NFound: 5, Coef: 8
Round: 2, Attack Type: Statistical Attack, Error: 0, Time: 0.07391786575317383, NFound: 9, Coef: 8
