Round: 1, Attack Type: Statistical Attack, Error: 0, Time: 0.05902528762817383, NFound: 10, Coef: 10
Round: 2, Attack Type: Statistical Attack, Error: 0, Time: 0.07148194313049316, NFound: 10, Coef: 10
