Round: 1, Attack Type: Statistical Attack, Error: 0, Time: 0.07022905349731445, NFound: 10, Coef: 10
Round: 2, Attack Type: Statistical Attack, Error: 0, Time: 0.08737707138061523, NFound: 9, Coef: 8
