Round: 1, Attack Type: Statistical Attack, Error: 0, Time: 0.0776829719543457, NFound: 5, Coef: 8
Round: 2, Attack Type: Statistical Attack, Error: 0, Time: 0.07792162895202637, NFound: 10, Coef: 10
