Round: 1, Attack Type: Statistical Attack, Error: 0, Time: 0.0651700496673584, NFound: 10, Coef: 10
Round: 2, Attack Type: Statistical Attack, Error: 0, Time: 0.07117104530334473, NFound: 10, Coef: 10
