Round: 1, Attack Type: Statistical Attack, Error: 0, Time: 0.07386612892150879, NFound: 5, Coef: 8
Round: 2, Attack Type: Statistical Attack, Error: 0, Time: 0.07937788963317871, NFound: 10, Coef: 10
