Round: 1, Attack Type: Statistical Attack, Error: 0, Time: 0.12752103805541992, NFound: 10, Coef: 10
Round: 2, Attack Type: Statistical Attack, Error: 0, Time: 0.15877413749694824, NFound: 10, Coef: 10
