Round: 1, Attack Type: Statistical Attack, Error: 0, Time: 0.06963896751403809, NFound: 10, Coef: 10
Round: 2, Attack Type: Statistical Attack, Error: 0, Time: 0.08216094970703125, NFound: 10, Coef: 10
