Round: 1, Attack Type: Statistical Attack, Error: 0, Time: 0.10037708282470703, NFound: 5, Coef: 8
Round: 2, Attack Type: Statistical Attack, Error: 0, Time: 0.1100149154663086, NFound: 10, Coef: 10
