Round: 1, Attack Type: Statistical Attack, Error: 0, Time: 0.08195900917053223, NFound: 10, Coef: 10
Round: 2, Attack Type: Statistical Attack, Error: 0, Time: 0.07978010177612305, NFound: 10, Coef: 10
