Round: 1, Attack Type: Statistical Attack, Error: 0, Time: 0.16324210166931152, NFound: 5, Coef: 8
Round: 2, Attack Type: Statistical Attack, Error: 0, Time: 0.17845606803894043, NFound: 10, Coef: 10
