Round: 1, Attack Type: Statistical Attack, Error: 0, Time: 0.07929611206054688, NFound: 10, Coef: 10
Round: 2, Attack Type: Statistical Attack, Error: 0, Time: 0.09028410911560059, NFound: 10, Coef: 10
