Round: 1, Attack Type: Statistical Attack, Error: 0, Time: 0.07732200622558594, NFound: 10, Coef: 10
Round: 2, Attack Type: Statistical Attack, Error: 0, Time: 0.08441805839538574, NFound: 10, Coef: 10
