Round: 1, Attack Type: Statistical Attack, Error: 0, Time: 0.07371711730957031, NFound: 5, Coef: 8
Round: 2, Attack Type: Statistical Attack, Error: 0, Time: 0.08683919906616211, NFound: 10, Coef: 10
