Round: 1, Attack Type: Statistical Attack, Error: 0, Time: 0.10573315620422363, NFound: 5, Coef: 8
Round: 2, Attack Type: Statistical Attack, Error: 0, Time: 0.15871500968933105, NFound: 10, Coef: 10
