Round: 1, Attack Type: Statistical Attack, Error: 0, Time: 0.07088994979858398, NFound: 10, Coef: 10
Round: 2, Attack Type: Statistical Attack, Error: 0, Time: 0.07835197448730469, NFound: 10, Coef: 10
