Round: 1, Attack Type: Statistical Attack, Error: 0, Time: 0.12234091758728027, NFound: 5, Coef: 8
Round: 2, Attack Type: Statistical Attack, Error: 0, Time: 0.11032390594482422, NFound: 10, Coef: 10
