Round: 1, Attack Type: Statistical Attack, Error: 0, Time: 0.09207701683044434, NFound: 5, Coef: 8
Round: 2, Attack Type: Statistical Attack, Error: 0, Time: 0.12372398376464844, NFound: 10, Coef: 10
