Round: 1, Attack Type: Statistical Attack, Error: 0, Time: 0.09076809883117676, NFound: 10, Coef: 10
Round: 2, Attack Type: Statistical Attack, Error: 0, Time: 0.11702299118041992, NFound: 10, Coef: 10
