Round: 1, Attack Type: Statistical Attack, Error: 0, Time: 0.09617781639099121, NFound: 10, Coef: 10
Round: 2, Attack Type: Statistical Attack, Error: 0, Time: 0.09808015823364258, NFound: 8, Coef: 8
