Round: 1, Attack Type: Statistical Attack, Error: 0, Time: 0.0669701099395752, NFound: 10, Coef: 10
Round: 2, Attack Type: Statistical Attack, Error: 0, Time: 0.0874638557434082, NFound: 10, Coef: 10
