Round: 1, Attack Type: Statistical Attack, Error: 0, Time: 0.07042574882507324, NFound: 10, Coef: 10
Round: 2, Attack Type: Statistical Attack, Error: 0, Time: 0.08956313133239746, NFound: 10, Coef: 10
