Round: 1, Attack Type: Statistical Attack, Error: 0, Time: 0.07612395286560059, NFound: 5, Coef: 8
Round: 2, Attack Type: Statistical Attack, Error: 0, Time: 0.09157896041870117, NFound: 10, Coef: 10
