Round: 1, Attack Type: Statistical Attack, Error: 0, Time: 0.07379698753356934, NFound: 10, Coef: 10
Round: 2, Attack Type: Statistical Attack, Error: 0, Time: 0.08243298530578613, NFound: 10, Coef: 10
