Round: 1, Attack Type: Statistical Attack, Error: 0, Time: 0.06889986991882324, NFound: 10, Coef: 10
Round: 2, Attack Type: Statistical Attack, Error: 0, Time: 0.08861279487609863, NFound: 9, Coef: 8
