Round: 1, Attack Type: Statistical Attack, Error: 0, Time: 0.06340312957763672, NFound: 5, Coef: 8
Round: 2, Attack Type: Statistical Attack, Error: 0, Time: 0.0660088062286377, NFound: 10, Coef: 10
