Round: 1, Attack Type: Statistical Attack, Error: 0, Time: 0.09335494041442871, NFound: 10, Coef: 10
Round: 2, Attack Type: Statistical Attack, Error: 0, Time: 0.08891797065734863, NFound: 10, Coef: 10
