Round: 1, Attack Type: Statistical Attack, Error: 0, Time: 0.09151911735534668, NFound: 10, Coef: 10
Round: 2, Attack Type: Statistical Attack, Error: 0, Time: 0.08189105987548828, NFound: 10, Coef: 10
