Round: 1, Attack Type: Statistical Attack, Error: 0, Time: 0.07783007621765137, NFound: 10, Coef: 10
Round: 2, Attack Type: Statistical Attack, Error: 0, Time: 0.0773470401763916, NFound: 10, Coef: 10
