Round: 1, Attack Type: Statistical Attack, Error: 0, Time: 0.6465039253234863, NFound: 10, Coef: 10
Round: 2, Attack Type: Statistical Attack, Error: 0, Time: 0.09339785575866699, NFound: 10, Coef: 10
