Round: 1, Attack Type: Statistical Attack, Error: 0, Time: 0.09056401252746582, NFound: 5, Coef: 8
Round: 2, Attack Type: Statistical Attack, Error: 0, Time: 0.09678006172180176, NFound: 10, Coef: 10
