Round: 1, Attack Type: Statistical Attack, Error: 0, Time: 0.0998227596282959, NFound: 10, Coef: 10
Round: 2, Attack Type: Statistical Attack, Error: 0, Time: 0.10294818878173828, NFound: 10, Coef: 10
