Round: 1, Attack Type: Statistical Attack, Error: 0, Time: 0.08743786811828613, NFound: 10, Coef: 10
Round: 2, Attack Type: Statistical Attack, Error: 0, Time: 0.1053769588470459, NFound: 10, Coef: 10
