Round: 1, Attack Type: Statistical Attack, Error: 0, Time: 0.06281280517578125, NFound: 10, Coef: 10
Round: 2, Attack Type: Statistical Attack, Error: 0, Time: 0.07532119750976562, NFound: 10, Coef: 10
