Round: 1, Attack Type: Statistical Attack, Error: 0, Time: 0.1423041820526123, NFound: 5, Coef: 8
Round: 2, Attack Type: Statistical Attack, Error: 0, Time: 0.10809111595153809, NFound: 10, Coef: 10
