Round: 1, Attack Type: Statistical Attack, Error: 0, Time: 0.08021211624145508, NFound: 5, Coef: 8
Round: 2, Attack Type: Statistical Attack, Error: 0, Time: 0.08209991455078125, NFound: 10, Coef: 10
