Round: 1, Attack Type: Statistical Attack, Error: 0, Time: 0.07323908805847168, NFound: 10, Coef: 10
Round: 2, Attack Type: Statistical Attack, Error: 0, Time: 0.07953929901123047, NFound: 10, Coef: 10
