Round: 1, Attack Type: Statistical Attack, Error: 0, Time: 0.07892298698425293, NFound: 5, Coef: 8
Round: 2, Attack Type: Statistical Attack, Error: 0, Time: 0.07737016677856445, NFound: 10, Coef: 10
