Round: 1, Attack Type: Statistical Attack, Error: 0, Time: 0.1038966178894043, NFound: 10, Coef: 10
Round: 2, Attack Type: Statistical Attack, Error: 0, Time: 0.10871100425720215, NFound: 10, Coef: 10
