Round: 1, Attack Type: Statistical Attack, Error: 0, Time: 0.07933592796325684, NFound: 10, Coef: 10
Round: 2, Attack Type: Statistical Attack, Error: 0, Time: 0.08225703239440918, NFound: 10, Coef: 10
