Round: 1, Attack Type: Statistical Attack, Error: 0, Time: 0.07502913475036621, NFound: 5, Coef: 8
Round: 2, Attack Type: Statistical Attack, Error: 0, Time: 0.08243918418884277, NFound: 10, Coef: 10
