Round: 1, Attack Type: Statistical Attack, Error: 0, Time: 0.1451582908630371, NFound: 10, Coef: 10
Round: 2, Attack Type: Statistical Attack, Error: 0, Time: 0.10681414604187012, NFound: 10, Coef: 10
