Round: 1, Attack Type: Statistical Attack, Error: 0, Time: 0.0834360122680664, NFound: 10, Coef: 10
Round: 2, Attack Type: Statistical Attack, Error: 0, Time: 0.07498025894165039, NFound: 10, Coef: 10
