Round: 1, Attack Type: Statistical Attack, Error: 0, Time: 0.1316831111907959, NFound: 10, Coef: 10
Round: 2, Attack Type: Statistical Attack, Error: 0, Time: 0.124298095703125, NFound: 10, Coef: 10
