Round: 1, Attack Type: Statistical Attack, Error: 0, Time: 0.08078980445861816, NFound: 5, Coef: 8
Round: 2, Attack Type: Statistical Attack, Error: 0, Time: 0.08177804946899414, NFound: 10, Coef: 10
