Round: 1, Attack Type: Statistical Attack, Error: 0, Time: 0.0821678638458252, NFound: 9, Coef: 8
Round: 2, Attack Type: Statistical Attack, Error: 0, Time: 0.08532309532165527, NFound: 10, Coef: 10
