Round: 1, Attack Type: Statistical Attack, Error: 0, Time: 0.11011385917663574, NFound: 10, Coef: 10
Round: 2, Attack Type: Statistical Attack, Error: 0, Time: 0.09927701950073242, NFound: 10, Coef: 10
