Round: 1, Attack Type: Statistical Attack, Error: 0, Time: 0.07942676544189453, NFound: 5, Coef: 8
Round: 2, Attack Type: Statistical Attack, Error: 0, Time: 0.08143806457519531, NFound: 10, Coef: 10
