Round: 1, Attack Type: Statistical Attack, Error: 0, Time: 0.08571696281433105, NFound: 5, Coef: 8
Round: 2, Attack Type: Statistical Attack, Error: 0, Time: 0.10583782196044922, NFound: 10, Coef: 10
