Round: 1, Attack Type: Statistical Attack, Error: 0, Time: 0.10023903846740723, NFound: 5, Coef: 8
Round: 2, Attack Type: Statistical Attack, Error: 0, Time: 0.09929800033569336, NFound: 10, Coef: 10
