Round: 1, Attack Type: Statistical Attack, Error: 0, Time: 0.07562518119812012, NFound: 5, Coef: 8
Round: 2, Attack Type: Statistical Attack, Error: 0, Time: 0.0778968334197998, NFound: 10, Coef: 10
