Round: 1, Attack Type: Statistical Attack, Error: 0, Time: 0.07631587982177734, NFound: 9, Coef: 8
Round: 2, Attack Type: Statistical Attack, Error: 0, Time: 0.07489895820617676, NFound: 10, Coef: 10
