Round: 1, Attack Type: Statistical Attack, Error: 0, Time: 0.08019495010375977, NFound: 9, Coef: 8
Round: 2, Attack Type: Statistical Attack, Error: 0, Time: 0.07813882827758789, NFound: 10, Coef: 10
