Round: 1, Attack Type: Statistical Attack, Error: 0, Time: 0.06945419311523438, NFound: 10, Coef: 10
Round: 2, Attack Type: Statistical Attack, Error: 0, Time: 0.08481216430664062, NFound: 10, Coef: 10
