Round: 1, Attack Type: Statistical Attack, Error: 0, Time: 0.06927108764648438, NFound: 5, Coef: 8
Round: 2, Attack Type: Statistical Attack, Error: 0, Time: 0.08906698226928711, NFound: 9, Coef: 8
