Round: 1, Attack Type: Statistical Attack, Error: 0, Time: 0.07695603370666504, NFound: 5, Coef: 8
Round: 2, Attack Type: Statistical Attack, Error: 0, Time: 0.08095097541809082, NFound: 10, Coef: 10
