Round: 1, Attack Type: Statistical Attack, Error: 0, Time: 0.06830883026123047, NFound: 10, Coef: 10
Round: 2, Attack Type: Statistical Attack, Error: 0, Time: 0.07007002830505371, NFound: 10, Coef: 10
