Round: 1, Attack Type: Statistical Attack, Error: 0, Time: 0.09257292747497559, NFound: 9, Coef: 9
Round: 2, Attack Type: Statistical Attack, Error: 0, Time: 0.10752701759338379, NFound: 10, Coef: 10
