Round: 1, Attack Type: Statistical Attack, Error: 0, Time: 0.0943448543548584, NFound: 5, Coef: 8
Round: 2, Attack Type: Statistical Attack, Error: 0, Time: 0.09206199645996094, NFound: 10, Coef: 10
