Round: 1, Attack Type: Statistical Attack, Error: 0, Time: 0.073883056640625, NFound: 5, Coef: 8
Round: 2, Attack Type: Statistical Attack, Error: 0, Time: 0.07544708251953125, NFound: 10, Coef: 10
