Round: 1, Attack Type: Statistical Attack, Error: 0, Time: 0.07465410232543945, NFound: 10, Coef: 10
Round: 2, Attack Type: Statistical Attack, Error: 0, Time: 0.07863402366638184, NFound: 10, Coef: 10
