Round: 1, Attack Type: Statistical Attack, Error: 0, Time: 0.12554383277893066, NFound: 10, Coef: 10
Round: 2, Attack Type: Statistical Attack, Error: 0, Time: 0.13178205490112305, NFound: 10, Coef: 10
