Round: 1, Attack Type: Statistical Attack, Error: 0, Time: 0.19350886344909668, NFound: 10, Coef: 10
Round: 2, Attack Type: Statistical Attack, Error: 0, Time: 0.10488009452819824, NFound: 10, Coef: 10
