Round: 1, Attack Type: Statistical Attack, Error: 0, Time: 0.07649588584899902, NFound: 5, Coef: 8
Round: 2, Attack Type: Statistical Attack, Error: 0, Time: 0.09562015533447266, NFound: 9, Coef: 8
