Round: 1, Attack Type: Statistical Attack, Error: 0, Time: 0.059636831283569336, NFound: 5, Coef: 8
Round: 2, Attack Type: Statistical Attack, Error: 0, Time: 0.06825900077819824, NFound: 10, Coef: 10
