Round: 1, Attack Type: Statistical Attack, Error: 0, Time: 0.07103109359741211, NFound: 10, Coef: 10
Round: 2, Attack Type: Statistical Attack, Error: 0, Time: 0.08379411697387695, NFound: 10, Coef: 10
