Round: 1, Attack Type: Statistical Attack, Error: 0, Time: 0.08466100692749023, NFound: 10, Coef: 10
Round: 2, Attack Type: Statistical Attack, Error: 0, Time: 0.09505200386047363, NFound: 10, Coef: 10
