Round: 1, Attack Type: Statistical Attack, Error: 0, Time: 0.07180905342102051, NFound: 10, Coef: 10
Round: 2, Attack Type: Statistical Attack, Error: 0, Time: 0.08013796806335449, NFound: 10, Coef: 10
