Round: 1, Attack Type: Statistical Attack, Error: 0, Time: 0.07248687744140625, NFound: 10, Coef: 10
Round: 2, Attack Type: Statistical Attack, Error: 0, Time: 0.0720829963684082, NFound: 10, Coef: 10
