Round: 1, Attack Type: Statistical Attack, Error: 0, Time: 0.09595394134521484, NFound: 10, Coef: 10
Round: 2, Attack Type: Statistical Attack, Error: 0, Time: 0.09430289268493652, NFound: 10, Coef: 10
