Round: 1, Attack Type: Statistical Attack, Error: 0, Time: 0.09689211845397949, NFound: 10, Coef: 10
Round: 2, Attack Type: Statistical Attack, Error: 0, Time: 0.09987092018127441, NFound: 10, Coef: 10
