Round: 1, Attack Type: Statistical Attack, Error: 0, Time: 0.07332897186279297, NFound: 10, Coef: 10
Round: 2, Attack Type: Statistical Attack, Error: 0, Time: 0.08012890815734863, NFound: 10, Coef: 10
