Round: 1, Attack Type: Statistical Attack, Error: 0, Time: 0.07248091697692871, NFound: 10, Coef: 10
Round: 2, Attack Type: Statistical Attack, Error: 0, Time: 0.07435798645019531, NFound: 10, Coef: 10
