Round: 1, Attack Type: Statistical Attack, Error: 0, Time: 0.07206320762634277, NFound: 10, Coef: 10
Round: 2, Attack Type: Statistical Attack, Error: 0, Time: 0.08176088333129883, NFound: 10, Coef: 10
