Round: 1, Attack Type: Statistical Attack, Error: 0, Time: 0.08721399307250977, NFound: 5, Coef: 8
Round: 2, Attack Type: Statistical Attack, Error: 0, Time: 0.09688496589660645, NFound: 10, Coef: 10
