Round: 1, Attack Type: Statistical Attack, Error: 0, Time: 0.0786588191986084, NFound: 5, Coef: 8
Round: 2, Attack Type: Statistical Attack, Error: 0, Time: 0.08677291870117188, NFound: 10, Coef: 10
