Round: 1, Attack Type: Statistical Attack, Error: 0, Time: 0.07256221771240234, NFound: 10, Coef: 10
Round: 2, Attack Type: Statistical Attack, Error: 0, Time: 0.08211469650268555, NFound: 10, Coef: 10
