Round: 1, Attack Type: Statistical Attack, Error: 0, Time: 0.12639689445495605, NFound: 5, Coef: 8
Round: 2, Attack Type: Statistical Attack, Error: 0, Time: 0.1045389175415039, NFound: 10, Coef: 10
