Round: 1, Attack Type: Statistical Attack, Error: 0, Time: 0.09165620803833008, NFound: 10, Coef: 10
Round: 2, Attack Type: Statistical Attack, Error: 0, Time: 0.10149812698364258, NFound: 10, Coef: 10
