Round: 1, Attack Type: Statistical Attack, Error: 0, Time: 0.07970881462097168, NFound: 10, Coef: 10
Round: 2, Attack Type: Statistical Attack, Error: 0, Time: 0.07854318618774414, NFound: 10, Coef: 10
