Round: 1, Attack Type: Statistical Attack, Error: 0, Time: 0.07424306869506836, NFound: 5, Coef: 8
Round: 2, Attack Type: Statistical Attack, Error: 0, Time: 0.07507014274597168, NFound: 10, Coef: 10
