Round: 1, Attack Type: Statistical Attack, Error: 0, Time: 0.07812690734863281, NFound: 9, Coef: 8
Round: 2, Attack Type: Statistical Attack, Error: 0, Time: 0.08494901657104492, NFound: 10, Coef: 10
