Round: 1, Attack Type: Statistical Attack, Error: 0, Time: 0.09984922409057617, NFound: 10, Coef: 10
Round: 2, Attack Type: Statistical Attack, Error: 0, Time: 0.11629223823547363, NFound: 10, Coef: 10
