Round: 1, Attack Type: Statistical Attack, Error: 0, Time: 0.0817711353302002, NFound: 5, Coef: 8
Round: 2, Attack Type: Statistical Attack, Error: 0, Time: 0.09838414192199707, NFound: 10, Coef: 10
