Round: 1, Attack Type: Statistical Attack, Error: 0, Time: 0.08120489120483398, NFound: 10, Coef: 10
Round: 2, Attack Type: Statistical Attack, Error: 0, Time: 0.08287596702575684, NFound: 10, Coef: 10
