Round: 1, Attack Type: Statistical Attack, Error: 0, Time: 0.06037402153015137, NFound: 10, Coef: 10
Round: 2, Attack Type: Statistical Attack, Error: 0, Time: 0.07685685157775879, NFound: 9, Coef: 8
