Round: 1, Attack Type: Statistical Attack, Error: 0, Time: 0.07743406295776367, NFound: 5, Coef: 8
Round: 2, Attack Type: Statistical Attack, Error: 0, Time: 0.0910799503326416, NFound: 10, Coef: 10
