Round: 1, Attack Type: Statistical Attack, Error: 0, Time: 0.07976007461547852, NFound: 5, Coef: 8
Round: 2, Attack Type: Statistical Attack, Error: 0, Time: 0.08633184432983398, NFound: 10, Coef: 10
