Round: 1, Attack Type: Statistical Attack, Error: 0, Time: 0.07685685157775879, NFound: 10, Coef: 10
Round: 2, Attack Type: Statistical Attack, Error: 0, Time: 0.08363866806030273, NFound: 10, Coef: 10
