Round: 1, Attack Type: Statistical Attack, Error: 0, Time: 0.0724339485168457, NFound: 5, Coef: 8
Round: 2, Attack Type: Statistical Attack, Error: 0, Time: 0.0807638168334961, NFound: 10, Coef: 10
