Round: 1, Attack Type: Statistical Attack, Error: 0, Time: 0.07022309303283691, NFound: 10, Coef: 10
Round: 2, Attack Type: Statistical Attack, Error: 0, Time: 0.08082008361816406, NFound: 10, Coef: 10
