Round: 1, Attack Type: Statistical Attack, Error: 0, Time: 0.30616331100463867, NFound: 5, Coef: 8
Round: 2, Attack Type: Statistical Attack, Error: 0, Time: 0.17568206787109375, NFound: 10, Coef: 10
