Round: 1, Attack Type: Statistical Attack, Error: 0, Time: 0.07370901107788086, NFound: 10, Coef: 10
Round: 2, Attack Type: Statistical Attack, Error: 0, Time: 0.0837409496307373, NFound: 10, Coef: 10
