Round: 1, Attack Type: Statistical Attack, Error: 0, Time: 0.07663202285766602, NFound: 10, Coef: 10
Round: 2, Attack Type: Statistical Attack, Error: 0, Time: 0.0930030345916748, NFound: 10, Coef: 10
