Round: 1, Attack Type: Statistical Attack, Error: 0, Time: 0.09779787063598633, NFound: 5, Coef: 8
Round: 2, Attack Type: Statistical Attack, Error: 0, Time: 0.08141112327575684, NFound: 10, Coef: 10
