Round: 1, Attack Type: Statistical Attack, Error: 0, Time: 0.05490398406982422, NFound: 10, Coef: 10
Round: 2, Attack Type: Statistical Attack, Error: 0, Time: 0.06569194793701172, NFound: 10, Coef: 10
