Round: 1, Attack Type: Statistical Attack, Error: 0, Time: 0.07805633544921875, NFound: 10, Coef: 10
Round: 2, Attack Type: Statistical Attack, Error: 0, Time: 0.08055686950683594, NFound: 10, Coef: 10
