Round: 1, Attack Type: Statistical Attack, Error: 0, Time: 0.09371519088745117, NFound: 10, Coef: 10
Round: 2, Attack Type: Statistical Attack, Error: 0, Time: 0.09996795654296875, NFound: 10, Coef: 10
