Round: 1, Attack Type: Statistical Attack, Error: 0, Time: 0.10372209548950195, NFound: 1, Coef: 3
Round: 2, Attack Type: Statistical Attack, Error: 0, Time: 0.08441710472106934, NFound: 1, Coef: 2
