Round: 1, Attack Type: Statistical Attack, Error: 0, Time: 0.08679080009460449, NFound: 10, Coef: 10
Round: 2, Attack Type: Statistical Attack, Error: 0, Time: 0.15179800987243652, NFound: 10, Coef: 10
