Round: 1, Attack Type: Statistical Attack, Error: 0, Time: 0.07994604110717773, NFound: 10, Coef: 10
Round: 2, Attack Type: Statistical Attack, Error: 0, Time: 0.08324098587036133, NFound: 10, Coef: 10
