Round: 1, Attack Type: Statistical Attack, Error: 0, Time: 0.09075403213500977, NFound: 5, Coef: 8
Round: 2, Attack Type: Statistical Attack, Error: 0, Time: 0.10365176200866699, NFound: 10, Coef: 10
