Round: 1, Attack Type: Statistical Attack, Error: 0, Time: 0.07577204704284668, NFound: 9, Coef: 9
Round: 2, Attack Type: Statistical Attack, Error: 0, Time: 0.0828249454498291, NFound: 10, Coef: 10
