Round: 1, Attack Type: Statistical Attack, Error: 0, Time: 0.07989072799682617, NFound: 5, Coef: 8
Round: 2, Attack Type: Statistical Attack, Error: 0, Time: 0.0853569507598877, NFound: 10, Coef: 10
