Round: 1, Attack Type: Statistical Attack, Error: 0, Time: 0.11739897727966309, NFound: 9, Coef: 8
Round: 2, Attack Type: Statistical Attack, Error: 0, Time: 0.12474894523620605, NFound: 10, Coef: 10
