Round: 1, Attack Type: Statistical Attack, Error: 0, Time: 0.09072422981262207, NFound: 5, Coef: 8
Round: 2, Attack Type: Statistical Attack, Error: 0, Time: 0.08553695678710938, NFound: 10, Coef: 10
