Round: 1, Attack Type: Statistical Attack, Error: 0, Time: 0.09227705001831055, NFound: 5, Coef: 8
Round: 2, Attack Type: Statistical Attack, Error: 0, Time: 0.09170389175415039, NFound: 10, Coef: 10
