Round: 1, Attack Type: Statistical Attack, Error: 0, Time: 0.08948612213134766, NFound: 9, Coef: 9
Round: 2, Attack Type: Statistical Attack, Error: 0, Time: 0.09297919273376465, NFound: 10, Coef: 10
