Round: 1, Attack Type: Statistical Attack, Error: 0, Time: 0.07430911064147949, NFound: 5, Coef: 8
Round: 2, Attack Type: Statistical Attack, Error: 0, Time: 0.08258366584777832, NFound: 10, Coef: 10
