Round: 1, Attack Type: Statistical Attack, Error: 0, Time: 0.07609987258911133, NFound: 10, Coef: 10
Round: 2, Attack Type: Statistical Attack, Error: 0, Time: 0.08202385902404785, NFound: 10, Coef: 10
