Round: 1, Attack Type: Statistical Attack, Error: 0, Time: 0.09421992301940918, NFound: 10, Coef: 10
Round: 2, Attack Type: Statistical Attack, Error: 0, Time: 0.0919950008392334, NFound: 10, Coef: 10
