Round: 1, Attack Type: Statistical Attack, Error: 0, Time: 0.07726383209228516, NFound: 5, Coef: 8
Round: 2, Attack Type: Statistical Attack, Error: 0, Time: 0.08236885070800781, NFound: 10, Coef: 10
