Round: 1, Attack Type: Statistical Attack, Error: 0, Time: 0.07088613510131836, NFound: 10, Coef: 10
Round: 2, Attack Type: Statistical Attack, Error: 0, Time: 0.07709312438964844, NFound: 10, Coef: 10
