Round: 1, Attack Type: Statistical Attack, Error: 0, Time: 0.08647489547729492, NFound: 10, Coef: 10
Round: 2, Attack Type: Statistical Attack, Error: 0, Time: 0.07888197898864746, NFound: 10, Coef: 10
