Round: 1, Attack Type: Statistical Attack, Error: 0, Time: 0.06023907661437988, NFound: 5, Coef: 8
Round: 2, Attack Type: Statistical Attack, Error: 0, Time: 0.06202220916748047, NFound: 10, Coef: 10
