Round: 1, Attack Type: Statistical Attack, Error: 0, Time: 0.0760049819946289, NFound: 10, Coef: 10
Round: 2, Attack Type: Statistical Attack, Error: 0, Time: 0.0928952693939209, NFound: 10, Coef: 10
