Round: 1, Attack Type: Statistical Attack, Error: 0, Time: 0.07243895530700684, NFound: 5, Coef: 8
Round: 2, Attack Type: Statistical Attack, Error: 0, Time: 0.08253216743469238, NFound: 10, Coef: 10
