Round: 1, Attack Type: Statistical Attack, Error: 0, Time: 0.11287999153137207, NFound: 10, Coef: 10
Round: 2, Attack Type: Statistical Attack, Error: 0, Time: 0.09123992919921875, NFound: 10, Coef: 10
