Round: 1, Attack Type: Statistical Attack, Error: 0, Time: 0.08440876007080078, NFound: 5, Coef: 8
Round: 2, Attack Type: Statistical Attack, Error: 0, Time: 0.0789177417755127, NFound: 10, Coef: 10
