Round: 1, Attack Type: Statistical Attack, Error: 0, Time: 0.07870602607727051, NFound: 5, Coef: 8
Round: 2, Attack Type: Statistical Attack, Error: 0, Time: 0.07760000228881836, NFound: 10, Coef: 10
