Round: 1, Attack Type: Statistical Attack, Error: 0, Time: 0.08791089057922363, NFound: 9, Coef: 8
Round: 2, Attack Type: Statistical Attack, Error: 0, Time: 0.10763788223266602, NFound: 10, Coef: 10
