Round: 1, Attack Type: Statistical Attack, Error: 0, Time: 0.08159303665161133, NFound: 10, Coef: 10
Round: 2, Attack Type: Statistical Attack, Error: 0, Time: 0.08434700965881348, NFound: 10, Coef: 10
