Round: 1, Attack Type: Statistical Attack, Error: 0, Time: 0.06675314903259277, NFound: 5, Coef: 8
Round: 2, Attack Type: Statistical Attack, Error: 0, Time: 0.06185507774353027, NFound: 10, Coef: 10
