Round: 1, Attack Type: Statistical Attack, Error: 0, Time: 0.08027219772338867, NFound: 5, Coef: 8
Round: 2, Attack Type: Statistical Attack, Error: 0, Time: 0.07877182960510254, NFound: 10, Coef: 10
