Round: 1, Attack Type: Statistical Attack, Error: 0, Time: 0.09783792495727539, NFound: 5, Coef: 8
Round: 2, Attack Type: Statistical Attack, Error: 0, Time: 0.11325597763061523, NFound: 10, Coef: 10
