Round: 1, Attack Type: Statistical Attack, Error: 0, Time: 0.09390377998352051, NFound: 5, Coef: 8
Round: 2, Attack Type: Statistical Attack, Error: 0, Time: 0.10881805419921875, NFound: 10, Coef: 10
