Round: 1, Attack Type: Statistical Attack, Error: 0, Time: 0.08926701545715332, NFound: 5, Coef: 8
Round: 2, Attack Type: Statistical Attack, Error: 0, Time: 0.10945415496826172, NFound: 10, Coef: 10
