Round: 1, Attack Type: Statistical Attack, Error: 0, Time: 0.11573410034179688, NFound: 5, Coef: 8
Round: 2, Attack Type: Statistical Attack, Error: 0, Time: 0.09413409233093262, NFound: 10, Coef: 10
