Round: 1, Attack Type: Statistical Attack, Error: 0, Time: 0.07225990295410156, NFound: 5, Coef: 8
Round: 2, Attack Type: Statistical Attack, Error: 0, Time: 0.07959127426147461, NFound: 10, Coef: 10
