Round: 1, Attack Type: Statistical Attack, Error: 0, Time: 0.07773709297180176, NFound: 10, Coef: 10
Round: 2, Attack Type: Statistical Attack, Error: 0, Time: 0.09091877937316895, NFound: 10, Coef: 10
