Round: 1, Attack Type: Statistical Attack, Error: 0, Time: 0.08346176147460938, NFound: 5, Coef: 8
Round: 2, Attack Type: Statistical Attack, Error: 0, Time: 0.07997894287109375, NFound: 10, Coef: 10
