Round: 1, Attack Type: Statistical Attack, Error: 0, Time: 0.0780789852142334, NFound: 5, Coef: 8
Round: 2, Attack Type: Statistical Attack, Error: 0, Time: 0.08075594902038574, NFound: 10, Coef: 10
