Round: 1, Attack Type: Statistical Attack, Error: 0, Time: 0.09343194961547852, NFound: 10, Coef: 10
Round: 2, Attack Type: Statistical Attack, Error: 0, Time: 0.11467123031616211, NFound: 10, Coef: 10
