Round: 1, Attack Type: Statistical Attack, Error: 0, Time: 0.07115292549133301, NFound: 10, Coef: 10
Round: 2, Attack Type: Statistical Attack, Error: 0, Time: 0.09320592880249023, NFound: 9, Coef: 8
