Round: 1, Attack Type: Statistical Attack, Error: 0, Time: 0.11303400993347168, NFound: 10, Coef: 10
Round: 2, Attack Type: Statistical Attack, Error: 0, Time: 0.1098470687866211, NFound: 10, Coef: 10
