Round: 1, Attack Type: Statistical Attack, Error: 0, Time: 0.09519100189208984, NFound: 5, Coef: 8
Round: 2, Attack Type: Statistical Attack, Error: 0, Time: 0.11252713203430176, NFound: 10, Coef: 10
