Round: 1, Attack Type: Statistical Attack, Error: 0, Time: 0.08336210250854492, NFound: 5, Coef: 8
Round: 2, Attack Type: Statistical Attack, Error: 0, Time: 0.08285093307495117, NFound: 10, Coef: 10
