Round: 1, Attack Type: Statistical Attack, Error: 0, Time: 0.061988115310668945, NFound: 10, Coef: 10
Round: 2, Attack Type: Statistical Attack, Error: 0, Time: 0.07204484939575195, NFound: 10, Coef: 10
