Round: 1, Attack Type: Statistical Attack, Error: 0, Time: 0.07300615310668945, NFound: 5, Coef: 8
Round: 2, Attack Type: Statistical Attack, Error: 0, Time: 0.0838019847869873, NFound: 10, Coef: 10
