Round: 1, Attack Type: Statistical Attack, Error: 0, Time: 0.08823013305664062, NFound: 10, Coef: 10
Round: 2, Attack Type: Statistical Attack, Error: 0, Time: 0.12157797813415527, NFound: 10, Coef: 10
