Round: 1, Attack Type: Statistical Attack, Error: 0, Time: 0.07297587394714355, NFound: 9, Coef: 8
Round: 2, Attack Type: Statistical Attack, Error: 0, Time: 0.09262394905090332, NFound: 9, Coef: 8
