Round: 1, Attack Type: Statistical Attack, Error: 0, Time: 0.08090877532958984, NFound: 5, Coef: 8
Round: 2, Attack Type: Statistical Attack, Error: 0, Time: 0.07720804214477539, NFound: 10, Coef: 10
