Round: 1, Attack Type: Statistical Attack, Error: 0, Time: 0.06857824325561523, NFound: 5, Coef: 8
Round: 2, Attack Type: Statistical Attack, Error: 0, Time: 0.08397102355957031, NFound: 10, Coef: 10
