Round: 1, Attack Type: Statistical Attack, Error: 0, Time: 0.10125207901000977, NFound: 5, Coef: 8
Round: 2, Attack Type: Statistical Attack, Error: 0, Time: 0.1112518310546875, NFound: 10, Coef: 10
