Round: 1, Attack Type: Statistical Attack, Error: 0, Time: 0.0647892951965332, NFound: 5, Coef: 8
Round: 2, Attack Type: Statistical Attack, Error: 0, Time: 0.07104611396789551, NFound: 10, Coef: 10
