Round: 1, Attack Type: Statistical Attack, Error: 0, Time: 0.07431507110595703, NFound: 10, Coef: 10
Round: 2, Attack Type: Statistical Attack, Error: 0, Time: 0.08406805992126465, NFound: 10, Coef: 10
