Round: 1, Attack Type: Statistical Attack, Error: 0, Time: 0.07454204559326172, NFound: 10, Coef: 10
Round: 2, Attack Type: Statistical Attack, Error: 0, Time: 0.1295928955078125, NFound: 10, Coef: 10
