Round: 1, Attack Type: Statistical Attack, Error: 0, Time: 0.06357908248901367, NFound: 5, Coef: 8
Round: 2, Attack Type: Statistical Attack, Error: 0, Time: 0.06934189796447754, NFound: 10, Coef: 10
