Round: 1, Attack Type: Statistical Attack, Error: 0, Time: 0.11845779418945312, NFound: 10, Coef: 10
Round: 2, Attack Type: Statistical Attack, Error: 0, Time: 0.12401318550109863, NFound: 10, Coef: 10
