Round: 1, Attack Type: Statistical Attack, Error: 0, Time: 0.07990908622741699, NFound: 10, Coef: 10
Round: 2, Attack Type: Statistical Attack, Error: 0, Time: 0.08336114883422852, NFound: 10, Coef: 10
