Round: 1, Attack Type: Statistical Attack, Error: 0, Time: 0.1053779125213623, NFound: 10, Coef: 10
Round: 2, Attack Type: Statistical Attack, Error: 0, Time: 0.11881899833679199, NFound: 9, Coef: 8
