Round: 1, Attack Type: Statistical Attack, Error: 0, Time: 0.0683450698852539, NFound: 10, Coef: 10
Round: 2, Attack Type: Statistical Attack, Error: 0, Time: 0.08561301231384277, NFound: 10, Coef: 10
