Round: 1, Attack Type: Statistical Attack, Error: 0, Time: 0.07773995399475098, NFound: 10, Coef: 10
Round: 2, Attack Type: Statistical Attack, Error: 0, Time: 0.07384204864501953, NFound: 10, Coef: 10
