Round: 1, Attack Type: Statistical Attack, Error: 0, Time: 0.07315397262573242, NFound: 5, Coef: 8
Round: 2, Attack Type: Statistical Attack, Error: 0, Time: 0.07895898818969727, NFound: 10, Coef: 10
