Round: 1, Attack Type: Statistical Attack, Error: 0, Time: 0.09259414672851562, NFound: 5, Coef: 8
Round: 2, Attack Type: Statistical Attack, Error: 0, Time: 0.09205508232116699, NFound: 10, Coef: 10
