Round: 1, Attack Type: Statistical Attack, Error: 0, Time: 0.05926871299743652, NFound: 10, Coef: 10
Round: 2, Attack Type: Statistical Attack, Error: 0, Time: 0.06337118148803711, NFound: 10, Coef: 10
