Round: 1, Attack Type: Statistical Attack, Error: 0, Time: 0.06510305404663086, NFound: 5, Coef: 8
Round: 2, Attack Type: Statistical Attack, Error: 0, Time: 0.06567692756652832, NFound: 10, Coef: 10
