Round: 1, Attack Type: Statistical Attack, Error: 0, Time: 0.07607412338256836, NFound: 10, Coef: 10
Round: 2, Attack Type: Statistical Attack, Error: 0, Time: 0.0814361572265625, NFound: 10, Coef: 10
