Round: 1, Attack Type: Statistical Attack, Error: 0, Time: 0.06622505187988281, NFound: 10, Coef: 10
Round: 2, Attack Type: Statistical Attack, Error: 0, Time: 0.07406997680664062, NFound: 10, Coef: 10
