Round: 1, Attack Type: Statistical Attack, Error: 0, Time: 0.09875297546386719, NFound: 10, Coef: 10
Round: 2, Attack Type: Statistical Attack, Error: 0, Time: 0.08020401000976562, NFound: 9, Coef: 8
