Round: 1, Attack Type: Statistical Attack, Error: 0, Time: 0.08342623710632324, NFound: 5, Coef: 8
Round: 2, Attack Type: Statistical Attack, Error: 0, Time: 0.08779191970825195, NFound: 10, Coef: 10
