Round: 1, Attack Type: Statistical Attack, Error: 0, Time: 0.0824730396270752, NFound: 5, Coef: 8
Round: 2, Attack Type: Statistical Attack, Error: 0, Time: 0.09505677223205566, NFound: 10, Coef: 10
