Round: 1, Attack Type: Statistical Attack, Error: 0, Time: 0.07868695259094238, NFound: 10, Coef: 10
Round: 2, Attack Type: Statistical Attack, Error: 0, Time: 0.07562708854675293, NFound: 10, Coef: 10
