Round: 1, Attack Type: Statistical Attack, Error: 0, Time: 0.12969183921813965, NFound: 10, Coef: 10
Round: 2, Attack Type: Statistical Attack, Error: 0, Time: 0.14177799224853516, NFound: 10, Coef: 10
