Round: 1, Attack Type: Statistical Attack, Error: 0, Time: 0.07243013381958008, NFound: 10, Coef: 10
Round: 2, Attack Type: Statistical Attack, Error: 0, Time: 0.07376980781555176, NFound: 10, Coef: 10
