Round: 1, Attack Type: Statistical Attack, Error: 0, Time: 0.07288289070129395, NFound: 5, Coef: 8
Round: 2, Attack Type: Statistical Attack, Error: 0, Time: 0.08711814880371094, NFound: 9, Coef: 8
