Round: 1, Attack Type: Statistical Attack, Error: 0, Time: 0.07355713844299316, NFound: 10, Coef: 10
Round: 2, Attack Type: Statistical Attack, Error: 0, Time: 0.07288789749145508, NFound: 10, Coef: 10
