Round: 1, Attack Type: Statistical Attack, Error: 0, Time: 0.07995414733886719, NFound: 5, Coef: 8
Round: 2, Attack Type: Statistical Attack, Error: 0, Time: 0.08783602714538574, NFound: 10, Coef: 10
