Round: 1, Attack Type: Statistical Attack, Error: 0, Time: 0.08287382125854492, NFound: 10, Coef: 10
Round: 2, Attack Type: Statistical Attack, Error: 0, Time: 0.0961599349975586, NFound: 10, Coef: 10
