Round: 1, Attack Type: Statistical Attack, Error: 0, Time: 0.13362503051757812, NFound: 10, Coef: 10
Round: 2, Attack Type: Statistical Attack, Error: 0, Time: 0.20263290405273438, NFound: 10, Coef: 10
