Round: 1, Attack Type: Statistical Attack, Error: 0, Time: 0.07610821723937988, NFound: 5, Coef: 8
Round: 2, Attack Type: Statistical Attack, Error: 0, Time: 0.08247089385986328, NFound: 10, Coef: 10
