Round: 1, Attack Type: Statistical Attack, Error: 0, Time: 0.07391524314880371, NFound: 5, Coef: 8
Round: 2, Attack Type: Statistical Attack, Error: 0, Time: 0.07733011245727539, NFound: 10, Coef: 10
