Round: 1, Attack Type: Statistical Attack, Error: 0, Time: 0.08402585983276367, NFound: 5, Coef: 8
Round: 2, Attack Type: Statistical Attack, Error: 0, Time: 0.07804489135742188, NFound: 10, Coef: 10
