Round: 1, Attack Type: Statistical Attack, Error: 0, Time: 0.06509089469909668, NFound: 10, Coef: 10
Round: 2, Attack Type: Statistical Attack, Error: 0, Time: 0.07223677635192871, NFound: 10, Coef: 10
