Round: 1, Attack Type: Statistical Attack, Error: 0, Time: 0.05878090858459473, NFound: 10, Coef: 10
Round: 2, Attack Type: Statistical Attack, Error: 0, Time: 0.06924200057983398, NFound: 10, Coef: 10
