Round: 1, Attack Type: Statistical Attack, Error: 0, Time: 0.08054780960083008, NFound: 10, Coef: 10
Round: 2, Attack Type: Statistical Attack, Error: 0, Time: 0.09211516380310059, NFound: 9, Coef: 8
