Round: 1, Attack Type: Statistical Attack, Error: 0, Time: 0.06271481513977051, NFound: 9, Coef: 8
Round: 2, Attack Type: Statistical Attack, Error: 0, Time: 0.06878304481506348, NFound: 10, Coef: 10
