Round: 1, Attack Type: Statistical Attack, Error: 0, Time: 0.0880589485168457, NFound: 5, Coef: 8
Round: 2, Attack Type: Statistical Attack, Error: 0, Time: 0.09026288986206055, NFound: 10, Coef: 10
