Round: 1, Attack Type: Statistical Attack, Error: 0, Time: 0.07529878616333008, NFound: 10, Coef: 10
Round: 2, Attack Type: Statistical Attack, Error: 0, Time: 0.09560394287109375, NFound: 10, Coef: 10
