Round: 1, Attack Type: Statistical Attack, Error: 0, Time: 0.11032986640930176, NFound: 9, Coef: 8
Round: 2, Attack Type: Statistical Attack, Error: 0, Time: 0.09580492973327637, NFound: 10, Coef: 10
