Round: 1, Attack Type: Statistical Attack, Error: 0, Time: 0.07558178901672363, NFound: 10, Coef: 10
Round: 2, Attack Type: Statistical Attack, Error: 0, Time: 0.08055710792541504, NFound: 10, Coef: 10
