Round: 1, Attack Type: Statistical Attack, Error: 0, Time: 0.08702588081359863, NFound: 10, Coef: 10
Round: 2, Attack Type: Statistical Attack, Error: 0, Time: 0.09012198448181152, NFound: 10, Coef: 10
