Round: 1, Attack Type: Statistical Attack, Error: 0, Time: 0.08148908615112305, NFound: 9, Coef: 8
Round: 2, Attack Type: Statistical Attack, Error: 0, Time: 0.07476091384887695, NFound: 10, Coef: 10
