Round: 1, Attack Type: Statistical Attack, Error: 0, Time: 0.0861811637878418, NFound: 5, Coef: 8
Round: 2, Attack Type: Statistical Attack, Error: 0, Time: 0.08543109893798828, NFound: 10, Coef: 10
