Round: 1, Attack Type: Statistical Attack, Error: 0, Time: 0.06617617607116699, NFound: 5, Coef: 8
Round: 2, Attack Type: Statistical Attack, Error: 0, Time: 0.07112669944763184, NFound: 10, Coef: 10
