Round: 1, Attack Type: Statistical Attack, Error: 0, Time: 0.08041810989379883, NFound: 10, Coef: 10
Round: 2, Attack Type: Statistical Attack, Error: 0, Time: 0.0858759880065918, NFound: 10, Coef: 10
