Round: 1, Attack Type: Statistical Attack, Error: 0, Time: 0.07771110534667969, NFound: 10, Coef: 10
Round: 2, Attack Type: Statistical Attack, Error: 0, Time: 0.07810783386230469, NFound: 10, Coef: 10
