Round: 1, Attack Type: Statistical Attack, Error: 0, Time: 0.1392078399658203, NFound: 5, Coef: 8
Round: 2, Attack Type: Statistical Attack, Error: 0, Time: 0.14420199394226074, NFound: 10, Coef: 10
