Round: 1, Attack Type: Statistical Attack, Error: 0, Time: 0.09991216659545898, NFound: 10, Coef: 10
Round: 2, Attack Type: Statistical Attack, Error: 0, Time: 0.11035490036010742, NFound: 10, Coef: 10
