Round: 1, Attack Type: Statistical Attack, Error: 0, Time: 0.060684919357299805, NFound: 10, Coef: 10
Round: 2, Attack Type: Statistical Attack, Error: 0, Time: 0.07029485702514648, NFound: 10, Coef: 10
