Round: 1, Attack Type: Statistical Attack, Error: 0, Time: 0.0850839614868164, NFound: 10, Coef: 10
Round: 2, Attack Type: Statistical Attack, Error: 0, Time: 0.08379602432250977, NFound: 10, Coef: 10
