Round: 1, Attack Type: Statistical Attack, Error: 0, Time: 0.07869076728820801, NFound: 10, Coef: 10
Round: 2, Attack Type: Statistical Attack, Error: 0, Time: 0.0776970386505127, NFound: 10, Coef: 10
