Round: 1, Attack Type: Statistical Attack, Error: 0, Time: 0.07267904281616211, NFound: 10, Coef: 10
Round: 2, Attack Type: Statistical Attack, Error: 0, Time: 0.0719139575958252, NFound: 10, Coef: 10
