Round: 1, Attack Type: Statistical Attack, Error: 0, Time: 0.07629013061523438, NFound: 10, Coef: 10
Round: 2, Attack Type: Statistical Attack, Error: 0, Time: 0.0933222770690918, NFound: 10, Coef: 10
