Round: 1, Attack Type: Statistical Attack, Error: 0, Time: 0.10588884353637695, NFound: 5, Coef: 8
Round: 2, Attack Type: Statistical Attack, Error: 0, Time: 0.1210789680480957, NFound: 10, Coef: 10
