Round: 1, Attack Type: Statistical Attack, Error: 0, Time: 0.09141182899475098, NFound: 5, Coef: 8
Round: 2, Attack Type: Statistical Attack, Error: 0, Time: 0.09322810173034668, NFound: 10, Coef: 10
