Round: 1, Attack Type: Statistical Attack, Error: 0, Time: 0.07514500617980957, NFound: 10, Coef: 10
Round: 2, Attack Type: Statistical Attack, Error: 0, Time: 0.0832359790802002, NFound: 10, Coef: 10
