Round: 1, Attack Type: Statistical Attack, Error: 0, Time: 0.07905197143554688, NFound: 10, Coef: 10
Round: 2, Attack Type: Statistical Attack, Error: 0, Time: 0.09355807304382324, NFound: 10, Coef: 10
