Round: 1, Attack Type: Statistical Attack, Error: 0, Time: 0.0877690315246582, NFound: 5, Coef: 8
Round: 2, Attack Type: Statistical Attack, Error: 0, Time: 0.08214306831359863, NFound: 10, Coef: 10
