Round: 1, Attack Type: Statistical Attack, Error: 0, Time: 0.06043887138366699, NFound: 5, Coef: 8
Round: 2, Attack Type: Statistical Attack, Error: 0, Time: 0.0690920352935791, NFound: 10, Coef: 10
