Round: 1, Attack Type: Statistical Attack, Error: 0, Time: 0.06464099884033203, NFound: 5, Coef: 8
Round: 2, Attack Type: Statistical Attack, Error: 0, Time: 0.0639200210571289, NFound: 10, Coef: 10
