Round: 1, Attack Type: Statistical Attack, Error: 0, Time: 0.11436796188354492, NFound: 10, Coef: 10
Round: 2, Attack Type: Statistical Attack, Error: 0, Time: 0.09952902793884277, NFound: 10, Coef: 10
