Round: 1, Attack Type: Statistical Attack, Error: 0, Time: 0.09109187126159668, NFound: 5, Coef: 8
Round: 2, Attack Type: Statistical Attack, Error: 0, Time: 0.07978081703186035, NFound: 10, Coef: 10
