Round: 1, Attack Type: Statistical Attack, Error: 0, Time: 0.09213709831237793, NFound: 10, Coef: 10
Round: 2, Attack Type: Statistical Attack, Error: 0, Time: 0.10091590881347656, NFound: 10, Coef: 10
