Round: 1, Attack Type: Statistical Attack, Error: 0, Time: 0.0732729434967041, NFound: 10, Coef: 10
Round: 2, Attack Type: Statistical Attack, Error: 0, Time: 0.08360695838928223, NFound: 10, Coef: 10
