Round: 1, Attack Type: Statistical Attack, Error: 0, Time: 0.10113310813903809, NFound: 5, Coef: 8
Round: 2, Attack Type: Statistical Attack, Error: 0, Time: 0.11429810523986816, NFound: 10, Coef: 10
