Round: 1, Attack Type: Statistical Attack, Error: 0, Time: 0.08179402351379395, NFound: 5, Coef: 8
Round: 2, Attack Type: Statistical Attack, Error: 0, Time: 0.08585977554321289, NFound: 10, Coef: 10
