Round: 1, Attack Type: Statistical Attack, Error: 0, Time: 0.10126590728759766, NFound: 5, Coef: 8
Round: 2, Attack Type: Statistical Attack, Error: 0, Time: 0.10414695739746094, NFound: 10, Coef: 10
