Round: 1, Attack Type: Statistical Attack, Error: 0, Time: 0.09530496597290039, NFound: 5, Coef: 8
Round: 2, Attack Type: Statistical Attack, Error: 0, Time: 0.09775018692016602, NFound: 10, Coef: 10
