Round: 1, Attack Type: Statistical Attack, Error: 0, Time: 0.08775091171264648, NFound: 10, Coef: 10
Round: 2, Attack Type: Statistical Attack, Error: 0, Time: 0.09386324882507324, NFound: 10, Coef: 10
