Round: 1, Attack Type: Statistical Attack, Error: 0, Time: 0.08786487579345703, NFound: 5, Coef: 8
Round: 2, Attack Type: Statistical Attack, Error: 0, Time: 0.10453200340270996, NFound: 9, Coef: 8
