Round: 1, Attack Type: Statistical Attack, Error: 0, Time: 0.07671999931335449, NFound: 10, Coef: 10
Round: 2, Attack Type: Statistical Attack, Error: 0, Time: 0.07739615440368652, NFound: 10, Coef: 10
