Round: 1, Attack Type: Statistical Attack, Error: 0, Time: 0.08468413352966309, NFound: 5, Coef: 8
Round: 2, Attack Type: Statistical Attack, Error: 0, Time: 0.09318089485168457, NFound: 10, Coef: 10
