Round: 1, Attack Type: Statistical Attack, Error: 0, Time: 0.0701589584350586, NFound: 9, Coef: 8
Round: 2, Attack Type: Statistical Attack, Error: 0, Time: 0.06928896903991699, NFound: 10, Coef: 10
