Round: 1, Attack Type: Statistical Attack, Error: 0, Time: 0.09745216369628906, NFound: 5, Coef: 8
Round: 2, Attack Type: Statistical Attack, Error: 0, Time: 0.10920190811157227, NFound: 10, Coef: 10
