Round: 1, Attack Type: Statistical Attack, Error: 0, Time: 0.0829920768737793, NFound: 5, Coef: 8
Round: 2, Attack Type: Statistical Attack, Error: 0, Time: 0.09167814254760742, NFound: 10, Coef: 10
