Round: 1, Attack Type: Statistical Attack, Error: 0, Time: 0.08385491371154785, NFound: 5, Coef: 8
Round: 2, Attack Type: Statistical Attack, Error: 0, Time: 0.0869760513305664, NFound: 10, Coef: 10
