Round: 1, Attack Type: Statistical Attack, Error: 0, Time: 0.06284594535827637, NFound: 10, Coef: 10
Round: 2, Attack Type: Statistical Attack, Error: 0, Time: 0.06665205955505371, NFound: 10, Coef: 10
