Round: 1, Attack Type: Statistical Attack, Error: 0, Time: 0.0778341293334961, NFound: 10, Coef: 10
Round: 2, Attack Type: Statistical Attack, Error: 0, Time: 0.07606220245361328, NFound: 10, Coef: 10
