Round: 1, Attack Type: Statistical Attack, Error: 0, Time: 0.10216379165649414, NFound: 10, Coef: 10
Round: 2, Attack Type: Statistical Attack, Error: 0, Time: 0.10102581977844238, NFound: 10, Coef: 10
