Round: 1, Attack Type: Statistical Attack, Error: 0, Time: 0.06894612312316895, NFound: 5, Coef: 8
Round: 2, Attack Type: Statistical Attack, Error: 0, Time: 0.0869450569152832, NFound: 10, Coef: 10
