Round: 1, Attack Type: Statistical Attack, Error: 0, Time: 0.07855415344238281, NFound: 5, Coef: 8
Round: 2, Attack Type: Statistical Attack, Error: 0, Time: 0.07151412963867188, NFound: 10, Coef: 10
