Round: 1, Attack Type: Statistical Attack, Error: 0, Time: 0.07442617416381836, NFound: 5, Coef: 8
Round: 2, Attack Type: Statistical Attack, Error: 0, Time: 0.08291506767272949, NFound: 10, Coef: 10
