Round: 1, Attack Type: Statistical Attack, Error: 0, Time: 0.0903167724609375, NFound: 5, Coef: 8
Round: 2, Attack Type: Statistical Attack, Error: 0, Time: 0.12178874015808105, NFound: 10, Coef: 10
