Round: 1, Attack Type: Statistical Attack, Error: 0, Time: 0.08122611045837402, NFound: 10, Coef: 10
Round: 2, Attack Type: Statistical Attack, Error: 0, Time: 0.08449697494506836, NFound: 10, Coef: 10
