Round: 1, Attack Type: Statistical Attack, Error: 0, Time: 0.09281682968139648, NFound: 10, Coef: 10
Round: 2, Attack Type: Statistical Attack, Error: 0, Time: 0.09948301315307617, NFound: 10, Coef: 10
