Round: 1, Attack Type: Statistical Attack, Error: 0, Time: 0.0703420639038086, NFound: 10, Coef: 10
Round: 2, Attack Type: Statistical Attack, Error: 0, Time: 0.07804584503173828, NFound: 10, Coef: 10
