Round: 1, Attack Type: Statistical Attack, Error: 0, Time: 0.0788719654083252, NFound: 10, Coef: 10
Round: 2, Attack Type: Statistical Attack, Error: 0, Time: 0.0851280689239502, NFound: 9, Coef: 8
