Round: 1, Attack Type: Statistical Attack, Error: 0, Time: 0.07400393486022949, NFound: 10, Coef: 10
Round: 2, Attack Type: Statistical Attack, Error: 0, Time: 0.08723211288452148, NFound: 10, Coef: 10
