Round: 1, Attack Type: Statistical Attack, Error: 0, Time: 0.06897711753845215, NFound: 10, Coef: 10
Round: 2, Attack Type: Statistical Attack, Error: 0, Time: 0.0821831226348877, NFound: 10, Coef: 10
