Round: 1, Attack Type: Statistical Attack, Error: 0, Time: 0.07944083213806152, NFound: 5, Coef: 8
Round: 2, Attack Type: Statistical Attack, Error: 0, Time: 0.08731794357299805, NFound: 10, Coef: 10
