Round: 1, Attack Type: Statistical Attack, Error: 0, Time: 0.07777714729309082, NFound: 5, Coef: 8
Round: 2, Attack Type: Statistical Attack, Error: 0, Time: 0.07852005958557129, NFound: 10, Coef: 10
