Round: 1, Attack Type: Statistical Attack, Error: 0, Time: 0.09590697288513184, NFound: 10, Coef: 10
Round: 2, Attack Type: Statistical Attack, Error: 0, Time: 0.1228640079498291, NFound: 9, Coef: 8
