Round: 1, Attack Type: Statistical Attack, Error: 0, Time: 0.10480809211730957, NFound: 5, Coef: 8
Round: 2, Attack Type: Statistical Attack, Error: 0, Time: 0.10518312454223633, NFound: 10, Coef: 10
