Round: 1, Attack Type: Statistical Attack, Error: 0, Time: 0.11887812614440918, NFound: 9, Coef: 8
Round: 2, Attack Type: Statistical Attack, Error: 0, Time: 0.12988018989562988, NFound: 10, Coef: 10
