Round: 1, Attack Type: Statistical Attack, Error: 0, Time: 0.07426714897155762, NFound: 10, Coef: 10
Round: 2, Attack Type: Statistical Attack, Error: 0, Time: 0.09353184700012207, NFound: 10, Coef: 10
