Round: 1, Attack Type: Statistical Attack, Error: 0, Time: 0.10265994071960449, NFound: 5, Coef: 8
Round: 2, Attack Type: Statistical Attack, Error: 0, Time: 0.14536213874816895, NFound: 10, Coef: 10
