Round: 1, Attack Type: Statistical Attack, Error: 0, Time: 0.07332706451416016, NFound: 5, Coef: 8
Round: 2, Attack Type: Statistical Attack, Error: 0, Time: 0.08099985122680664, NFound: 9, Coef: 8
