Round: 1, Attack Type: Statistical Attack, Error: 0, Time: 0.10747218132019043, NFound: 5, Coef: 8
Round: 2, Attack Type: Statistical Attack, Error: 0, Time: 0.10561084747314453, NFound: 10, Coef: 10
