Round: 1, Attack Type: Statistical Attack, Error: 0, Time: 0.07590985298156738, NFound: 5, Coef: 8
Round: 2, Attack Type: Statistical Attack, Error: 0, Time: 0.07887983322143555, NFound: 10, Coef: 10
