Round: 1, Attack Type: Statistical Attack, Error: 0, Time: 0.09839391708374023, NFound: 5, Coef: 8
Round: 2, Attack Type: Statistical Attack, Error: 0, Time: 0.09955310821533203, NFound: 10, Coef: 10
