Round: 1, Attack Type: Statistical Attack, Error: 0, Time: 0.08184218406677246, NFound: 10, Coef: 10
Round: 2, Attack Type: Statistical Attack, Error: 0, Time: 0.08707833290100098, NFound: 10, Coef: 10
