Round: 1, Attack Type: Statistical Attack, Error: 0, Time: 0.06896591186523438, NFound: 10, Coef: 10
Round: 2, Attack Type: Statistical Attack, Error: 0, Time: 0.08180713653564453, NFound: 10, Coef: 10
