Round: 1, Attack Type: Statistical Attack, Error: 0, Time: 0.05962491035461426, NFound: 10, Coef: 10
Round: 2, Attack Type: Statistical Attack, Error: 0, Time: 0.06556177139282227, NFound: 10, Coef: 10
