Round: 1, Attack Type: Statistical Attack, Error: 0, Time: 0.07920002937316895, NFound: 10, Coef: 10
Round: 2, Attack Type: Statistical Attack, Error: 0, Time: 0.07940411567687988, NFound: 10, Coef: 10
