Round: 1, Attack Type: Statistical Attack, Error: 0, Time: 0.07927823066711426, NFound: 10, Coef: 10
Round: 2, Attack Type: Statistical Attack, Error: 0, Time: 0.08025288581848145, NFound: 10, Coef: 10
