Round: 1, Attack Type: Statistical Attack, Error: 0, Time: 0.06480693817138672, NFound: 5, Coef: 8
Round: 2, Attack Type: Statistical Attack, Error: 0, Time: 0.06699514389038086, NFound: 10, Coef: 10
