Round: 1, Attack Type: Statistical Attack, Error: 0, Time: 0.08403778076171875, NFound: 5, Coef: 8
Round: 2, Attack Type: Statistical Attack, Error: 0, Time: 0.09008526802062988, NFound: 10, Coef: 10
