Round: 1, Attack Type: Statistical Attack, Error: 0, Time: 0.06905794143676758, NFound: 10, Coef: 10
Round: 2, Attack Type: Statistical Attack, Error: 0, Time: 0.07935905456542969, NFound: 10, Coef: 10
