Round: 1, Attack Type: Statistical Attack, Error: 0, Time: 0.07605099678039551, NFound: 5, Coef: 8
Round: 2, Attack Type: Statistical Attack, Error: 0, Time: 0.07792997360229492, NFound: 10, Coef: 10
