Round: 1, Attack Type: Statistical Attack, Error: 0, Time: 0.05810117721557617, NFound: 10, Coef: 10
Round: 2, Attack Type: Statistical Attack, Error: 0, Time: 0.06517386436462402, NFound: 10, Coef: 10
