Round: 1, Attack Type: Statistical Attack, Error: 0, Time: 0.0637366771697998, NFound: 10, Coef: 10
Round: 2, Attack Type: Statistical Attack, Error: 0, Time: 0.0891728401184082, NFound: 10, Coef: 10
