Round: 1, Attack Type: Statistical Attack, Error: 0, Time: 0.07480192184448242, NFound: 10, Coef: 10
Round: 2, Attack Type: Statistical Attack, Error: 0, Time: 0.08712410926818848, NFound: 10, Coef: 10
