Round: 1, Attack Type: Statistical Attack, Error: 0, Time: 0.08088207244873047, NFound: 5, Coef: 8
Round: 2, Attack Type: Statistical Attack, Error: 0, Time: 0.08127689361572266, NFound: 10, Coef: 10
