Round: 1, Attack Type: Statistical Attack, Error: 0, Time: 0.08068704605102539, NFound: 5, Coef: 8
Round: 2, Attack Type: Statistical Attack, Error: 0, Time: 0.08544707298278809, NFound: 10, Coef: 10
