Round: 1, Attack Type: Statistical Attack, Error: 0, Time: 0.0756533145904541, NFound: 10, Coef: 10
Round: 2, Attack Type: Statistical Attack, Error: 0, Time: 0.09315896034240723, NFound: 9, Coef: 8
