Round: 1, Attack Type: Statistical Attack, Error: 0, Time: 0.1068120002746582, NFound: 5, Coef: 8
Round: 2, Attack Type: Statistical Attack, Error: 0, Time: 0.1033780574798584, NFound: 10, Coef: 10
