Round: 1, Attack Type: Statistical Attack, Error: 0, Time: 0.08748888969421387, NFound: 10, Coef: 10
Round: 2, Attack Type: Statistical Attack, Error: 0, Time: 0.09317994117736816, NFound: 10, Coef: 10
