Round: 1, Attack Type: Statistical Attack, Error: 0, Time: 0.07864689826965332, NFound: 10, Coef: 10
Round: 2, Attack Type: Statistical Attack, Error: 0, Time: 0.09015798568725586, NFound: 10, Coef: 10
