Round: 1, Attack Type: Statistical Attack, Error: 0, Time: 0.07153105735778809, NFound: 10, Coef: 10
Round: 2, Attack Type: Statistical Attack, Error: 0, Time: 0.08467793464660645, NFound: 9, Coef: 8
