Round: 1, Attack Type: Statistical Attack, Error: 0, Time: 0.11836910247802734, NFound: 5, Coef: 8
Round: 2, Attack Type: Statistical Attack, Error: 0, Time: 0.10027384757995605, NFound: 10, Coef: 10
