Round: 1, Attack Type: Statistical Attack, Error: 0, Time: 0.07527303695678711, NFound: 10, Coef: 10
Round: 2, Attack Type: Statistical Attack, Error: 0, Time: 0.07866382598876953, NFound: 10, Coef: 10
