Round: 1, Attack Type: Statistical Attack, Error: 0, Time: 0.07260799407958984, NFound: 9, Coef: 8
Round: 2, Attack Type: Statistical Attack, Error: 0, Time: 0.11679315567016602, NFound: 10, Coef: 10
