Round: 1, Attack Type: Statistical Attack, Error: 0, Time: 0.09621500968933105, NFound: 5, Coef: 8
Round: 2, Attack Type: Statistical Attack, Error: 0, Time: 0.1208648681640625, NFound: 10, Coef: 10
