Round: 1, Attack Type: Statistical Attack, Error: 0, Time: 0.0761709213256836, NFound: 10, Coef: 10
Round: 2, Attack Type: Statistical Attack, Error: 0, Time: 0.0848398208618164, NFound: 10, Coef: 10
