Round: 1, Attack Type: Statistical Attack, Error: 0, Time: 0.0816190242767334, NFound: 5, Coef: 8
Round: 2, Attack Type: Statistical Attack, Error: 0, Time: 0.09052896499633789, NFound: 10, Coef: 10
