Round: 1, Attack Type: Statistical Attack, Error: 0, Time: 0.0970909595489502, NFound: 10, Coef: 10
Round: 2, Attack Type: Statistical Attack, Error: 0, Time: 0.10912895202636719, NFound: 10, Coef: 10
