Round: 1, Attack Type: Statistical Attack, Error: 0, Time: 0.08067464828491211, NFound: 10, Coef: 10
Round: 2, Attack Type: Statistical Attack, Error: 0, Time: 0.08063602447509766, NFound: 10, Coef: 10
