Round: 1, Attack Type: Statistical Attack, Error: 0, Time: 0.09396195411682129, NFound: 5, Coef: 8
Round: 2, Attack Type: Statistical Attack, Error: 0, Time: 0.10930490493774414, NFound: 10, Coef: 10
