Round: 1, Attack Type: Statistical Attack, Error: 0, Time: 0.10076212882995605, NFound: 5, Coef: 8
Round: 2, Attack Type: Statistical Attack, Error: 0, Time: 0.10397195816040039, NFound: 10, Coef: 10
