Round: 1, Attack Type: Statistical Attack, Error: 0, Time: 0.07907271385192871, NFound: 5, Coef: 8
Round: 2, Attack Type: Statistical Attack, Error: 0, Time: 0.08387112617492676, NFound: 10, Coef: 10
