Round: 1, Attack Type: Statistical Attack, Error: 0, Time: 0.09256482124328613, NFound: 10, Coef: 10
Round: 2, Attack Type: Statistical Attack, Error: 0, Time: 0.10144901275634766, NFound: 10, Coef: 10
