Round: 1, Attack Type: Statistical Attack, Error: 0, Time: 0.07726621627807617, NFound: 5, Coef: 8
Round: 2, Attack Type: Statistical Attack, Error: 0, Time: 0.08066296577453613, NFound: 10, Coef: 10
