Round: 1, Attack Type: Statistical Attack, Error: 0, Time: 0.0722501277923584, NFound: 10, Coef: 10
Round: 2, Attack Type: Statistical Attack, Error: 0, Time: 0.06998205184936523, NFound: 10, Coef: 10
