Round: 1, Attack Type: Statistical Attack, Error: 0, Time: 0.07741332054138184, NFound: 10, Coef: 10
Round: 2, Attack Type: Statistical Attack, Error: 0, Time: 0.08150815963745117, NFound: 10, Coef: 10
