Round: 1, Attack Type: Statistical Attack, Error: 0, Time: 0.11027312278747559, NFound: 10, Coef: 10
Round: 2, Attack Type: Statistical Attack, Error: 0, Time: 0.10115385055541992, NFound: 10, Coef: 10
