Round: 1, Attack Type: Statistical Attack, Error: 0, Time: 0.0627889633178711, NFound: 5, Coef: 8
Round: 2, Attack Type: Statistical Attack, Error: 0, Time: 0.07514810562133789, NFound: 9, Coef: 8
