Round: 1, Attack Type: Statistical Attack, Error: 0, Time: 0.06976795196533203, NFound: 9, Coef: 8
Round: 2, Attack Type: Statistical Attack, Error: 0, Time: 0.0825951099395752, NFound: 10, Coef: 10
