Round: 1, Attack Type: Statistical Attack, Error: 0, Time: 0.06752610206604004, NFound: 10, Coef: 10
Round: 2, Attack Type: Statistical Attack, Error: 0, Time: 0.0733799934387207, NFound: 10, Coef: 10
