Round: 1, Attack Type: Statistical Attack, Error: 0, Time: 0.07331418991088867, NFound: 10, Coef: 10
Round: 2, Attack Type: Statistical Attack, Error: 0, Time: 0.07210612297058105, NFound: 10, Coef: 10
