Round: 1, Attack Type: Statistical Attack, Error: 0, Time: 0.08758091926574707, NFound: 5, Coef: 8
Round: 2, Attack Type: Statistical Attack, Error: 0, Time: 0.0785210132598877, NFound: 10, Coef: 10
