Round: 1, Attack Type: Statistical Attack, Error: 0, Time: 0.08422398567199707, NFound: 5, Coef: 8
Round: 2, Attack Type: Statistical Attack, Error: 0, Time: 0.07576298713684082, NFound: 10, Coef: 10
