Round: 1, Attack Type: Statistical Attack, Error: 0, Time: 0.08358597755432129, NFound: 10, Coef: 10
Round: 2, Attack Type: Statistical Attack, Error: 0, Time: 0.09828615188598633, NFound: 10, Coef: 10
