Round: 1, Attack Type: Statistical Attack, Error: 0, Time: 0.06019115447998047, NFound: 10, Coef: 10
Round: 2, Attack Type: Statistical Attack, Error: 0, Time: 0.06383061408996582, NFound: 10, Coef: 10
