Round: 1, Attack Type: Statistical Attack, Error: 0, Time: 0.08019900321960449, NFound: 10, Coef: 10
Round: 2, Attack Type: Statistical Attack, Error: 0, Time: 0.08483600616455078, NFound: 10, Coef: 10
