Round: 1, Attack Type: Statistical Attack, Error: 0, Time: 0.07304620742797852, NFound: 10, Coef: 10
Round: 2, Attack Type: Statistical Attack, Error: 0, Time: 0.08246612548828125, NFound: 10, Coef: 10
