Round: 1, Attack Type: Statistical Attack, Error: 0, Time: 0.08428597450256348, NFound: 5, Coef: 8
Round: 2, Attack Type: Statistical Attack, Error: 0, Time: 0.09842681884765625, NFound: 10, Coef: 10
