Round: 1, Attack Type: Statistical Attack, Error: 0, Time: 0.0853571891784668, NFound: 5, Coef: 8
Round: 2, Attack Type: Statistical Attack, Error: 0, Time: 0.08327412605285645, NFound: 10, Coef: 10
