Round: 1, Attack Type: Statistical Attack, Error: 0, Time: 0.09359192848205566, NFound: 5, Coef: 8
Round: 2, Attack Type: Statistical Attack, Error: 0, Time: 0.09556412696838379, NFound: 10, Coef: 10
