Round: 1, Attack Type: Statistical Attack, Error: 0, Time: 0.11165094375610352, NFound: 10, Coef: 10
Round: 2, Attack Type: Statistical Attack, Error: 0, Time: 0.11367607116699219, NFound: 10, Coef: 10
