Round: 1, Attack Type: Statistical Attack, Error: 0, Time: 0.06392812728881836, NFound: 10, Coef: 10
Round: 2, Attack Type: Statistical Attack, Error: 0, Time: 0.0740201473236084, NFound: 9, Coef: 8
