Round: 1, Attack Type: Statistical Attack, Error: 0, Time: 0.0741419792175293, NFound: 10, Coef: 10
Round: 2, Attack Type: Statistical Attack, Error: 0, Time: 0.07612991333007812, NFound: 10, Coef: 10
