Round: 1, Attack Type: Statistical Attack, Error: 0, Time: 0.07844805717468262, NFound: 10, Coef: 10
Round: 2, Attack Type: Statistical Attack, Error: 0, Time: 0.09027719497680664, NFound: 10, Coef: 10
