Round: 1, Attack Type: Statistical Attack, Error: 0, Time: 0.10841012001037598, NFound: 10, Coef: 10
Round: 2, Attack Type: Statistical Attack, Error: 0, Time: 0.09561777114868164, NFound: 10, Coef: 10
