Round: 1, Attack Type: Statistical Attack, Error: 0, Time: 0.07379603385925293, NFound: 5, Coef: 8
Round: 2, Attack Type: Statistical Attack, Error: 0, Time: 0.08372974395751953, NFound: 10, Coef: 10
