Round: 1, Attack Type: Statistical Attack, Error: 0, Time: 0.07411384582519531, NFound: 5, Coef: 8
Round: 2, Attack Type: Statistical Attack, Error: 0, Time: 0.08604812622070312, NFound: 10, Coef: 10
