Round: 1, Attack Type: Statistical Attack, Error: 0, Time: 0.07532644271850586, NFound: 5, Coef: 8
Round: 2, Attack Type: Statistical Attack, Error: 0, Time: 0.0741579532623291, NFound: 10, Coef: 10
