Round: 1, Attack Type: Statistical Attack, Error: 0, Time: 0.08864521980285645, NFound: 10, Coef: 10
Round: 2, Attack Type: Statistical Attack, Error: 0, Time: 0.09730291366577148, NFound: 10, Coef: 10
