Round: 1, Attack Type: Statistical Attack, Error: 0, Time: 0.09020113945007324, NFound: 10, Coef: 10
Round: 2, Attack Type: Statistical Attack, Error: 0, Time: 0.09979391098022461, NFound: 10, Coef: 10
