Round: 1, Attack Type: Statistical Attack, Error: 0, Time: 0.09143805503845215, NFound: 5, Coef: 8
Round: 2, Attack Type: Statistical Attack, Error: 0, Time: 0.10206794738769531, NFound: 9, Coef: 8
