Round: 1, Attack Type: Statistical Attack, Error: 0, Time: 0.07613706588745117, NFound: 10, Coef: 10
Round: 2, Attack Type: Statistical Attack, Error: 0, Time: 0.08258295059204102, NFound: 10, Coef: 10
