Round: 1, Attack Type: Statistical Attack, Error: 0, Time: 0.0740659236907959, NFound: 10, Coef: 10
Round: 2, Attack Type: Statistical Attack, Error: 0, Time: 0.08129000663757324, NFound: 10, Coef: 10
