Round: 1, Attack Type: Statistical Attack, Error: 0, Time: 0.11478328704833984, NFound: 5, Coef: 8
Round: 2, Attack Type: Statistical Attack, Error: 0, Time: 0.11243391036987305, NFound: 10, Coef: 10
