Round: 1, Attack Type: Statistical Attack, Error: 0, Time: 0.06971383094787598, NFound: 5, Coef: 8
Round: 2, Attack Type: Statistical Attack, Error: 0, Time: 0.09232306480407715, NFound: 10, Coef: 10
