Round: 1, Attack Type: Statistical Attack, Error: 0, Time: 0.0759592056274414, NFound: 10, Coef: 10
Round: 2, Attack Type: Statistical Attack, Error: 0, Time: 0.08382582664489746, NFound: 10, Coef: 10
