Round: 1, Attack Type: Statistical Attack, Error: 0, Time: 0.07378792762756348, NFound: 10, Coef: 10
Round: 2, Attack Type: Statistical Attack, Error: 0, Time: 0.08126592636108398, NFound: 10, Coef: 10
