Round: 1, Attack Type: Statistical Attack, Error: 0, Time: 0.08709335327148438, NFound: 10, Coef: 10
Round: 2, Attack Type: Statistical Attack, Error: 0, Time: 0.12938809394836426, NFound: 10, Coef: 10
