Round: 1, Attack Type: Statistical Attack, Error: 0, Time: 0.1351149082183838, NFound: 5, Coef: 8
Round: 2, Attack Type: Statistical Attack, Error: 0, Time: 0.10532903671264648, NFound: 10, Coef: 10
