Round: 1, Attack Type: Statistical Attack, Error: 0, Time: 0.07826924324035645, NFound: 5, Coef: 8
Round: 2, Attack Type: Statistical Attack, Error: 0, Time: 0.0959019660949707, NFound: 10, Coef: 10
