Round: 1, Attack Type: Statistical Attack, Error: 0, Time: 0.09373211860656738, NFound: 10, Coef: 10
Round: 2, Attack Type: Statistical Attack, Error: 0, Time: 0.10751104354858398, NFound: 9, Coef: 8
