Round: 1, Attack Type: Statistical Attack, Error: 0, Time: 0.058151960372924805, NFound: 5, Coef: 8
Round: 2, Attack Type: Statistical Attack, Error: 0, Time: 0.06508517265319824, NFound: 10, Coef: 10
