Round: 1, Attack Type: Statistical Attack, Error: 0, Time: 0.07133102416992188, NFound: 10, Coef: 10
Round: 2, Attack Type: Statistical Attack, Error: 0, Time: 0.07759714126586914, NFound: 10, Coef: 10
