Round: 1, Attack Type: Statistical Attack, Error: 0, Time: 0.08068084716796875, NFound: 5, Coef: 8
Round: 2, Attack Type: Statistical Attack, Error: 0, Time: 0.08484315872192383, NFound: 10, Coef: 10
