Round: 1, Attack Type: Statistical Attack, Error: 0, Time: 0.09486913681030273, NFound: 10, Coef: 10
Round: 2, Attack Type: Statistical Attack, Error: 0, Time: 0.11112499237060547, NFound: 10, Coef: 10
