Round: 1, Attack Type: Statistical Attack, Error: 0, Time: 0.07663893699645996, NFound: 10, Coef: 10
Round: 2, Attack Type: Statistical Attack, Error: 0, Time: 0.08046412467956543, NFound: 10, Coef: 10
