Round: 1, Attack Type: Statistical Attack, Error: 0, Time: 0.07741713523864746, NFound: 5, Coef: 8
Round: 2, Attack Type: Statistical Attack, Error: 0, Time: 0.07768893241882324, NFound: 10, Coef: 10
