Round: 1, Attack Type: Statistical Attack, Error: 0, Time: 0.08341407775878906, NFound: 10, Coef: 10
Round: 2, Attack Type: Statistical Attack, Error: 0, Time: 0.0795297622680664, NFound: 10, Coef: 10
