Round: 1, Attack Type: Statistical Attack, Error: 0, Time: 0.0701298713684082, NFound: 5, Coef: 8
Round: 2, Attack Type: Statistical Attack, Error: 0, Time: 0.0751030445098877, NFound: 10, Coef: 10
