Round: 1, Attack Type: Statistical Attack, Error: 0, Time: 0.07641410827636719, NFound: 10, Coef: 10
Round: 2, Attack Type: Statistical Attack, Error: 0, Time: 0.08699893951416016, NFound: 10, Coef: 10
