Round: 1, Attack Type: Statistical Attack, Error: 0, Time: 0.08637166023254395, NFound: 5, Coef: 8
Round: 2, Attack Type: Statistical Attack, Error: 0, Time: 0.0883939266204834, NFound: 10, Coef: 10
