Round: 1, Attack Type: Statistical Attack, Error: 0, Time: 0.10039901733398438, NFound: 5, Coef: 8
Round: 2, Attack Type: Statistical Attack, Error: 0, Time: 0.1108701229095459, NFound: 10, Coef: 10
