Round: 1, Attack Type: Statistical Attack, Error: 0, Time: 0.0718991756439209, NFound: 9, Coef: 9
Round: 2, Attack Type: Statistical Attack, Error: 0, Time: 0.07918167114257812, NFound: 10, Coef: 10
