Round: 1, Attack Type: Statistical Attack, Error: 0, Time: 0.08892178535461426, NFound: 5, Coef: 8
Round: 2, Attack Type: Statistical Attack, Error: 0, Time: 0.11929798126220703, NFound: 10, Coef: 10
