Round: 1, Attack Type: Statistical Attack, Error: 0, Time: 0.07286286354064941, NFound: 10, Coef: 10
Round: 2, Attack Type: Statistical Attack, Error: 0, Time: 0.0850529670715332, NFound: 10, Coef: 10
