Round: 1, Attack Type: Statistical Attack, Error: 0, Time: 0.07696890830993652, NFound: 10, Coef: 10
Round: 2, Attack Type: Statistical Attack, Error: 0, Time: 0.09408020973205566, NFound: 10, Coef: 10
