Round: 1, Attack Type: Statistical Attack, Error: 0, Time: 0.0738229751586914, NFound: 10, Coef: 10
Round: 2, Attack Type: Statistical Attack, Error: 0, Time: 0.07848811149597168, NFound: 10, Coef: 10
