Round: 1, Attack Type: Statistical Attack, Error: 0, Time: 0.08929300308227539, NFound: 5, Coef: 8
Round: 2, Attack Type: Statistical Attack, Error: 0, Time: 0.11734509468078613, NFound: 10, Coef: 10
