Round: 1, Attack Type: Statistical Attack, Error: 0, Time: 0.07899117469787598, NFound: 10, Coef: 10
Round: 2, Attack Type: Statistical Attack, Error: 0, Time: 0.09574007987976074, NFound: 10, Coef: 10
