Round: 1, Attack Type: Statistical Attack, Error: 0, Time: 0.05961418151855469, NFound: 10, Coef: 10
Round: 2, Attack Type: Statistical Attack, Error: 0, Time: 0.06565713882446289, NFound: 10, Coef: 10
