Round: 1, Attack Type: Statistical Attack, Error: 0, Time: 0.08624577522277832, NFound: 5, Coef: 8
Round: 2, Attack Type: Statistical Attack, Error: 0, Time: 0.10080599784851074, NFound: 10, Coef: 10
