Round: 1, Attack Type: Statistical Attack, Error: 0, Time: 0.08282184600830078, NFound: 5, Coef: 8
Round: 2, Attack Type: Statistical Attack, Error: 0, Time: 0.09502220153808594, NFound: 10, Coef: 10
