Round: 1, Attack Type: Statistical Attack, Error: 0, Time: 0.0773172378540039, NFound: 5, Coef: 8
Round: 2, Attack Type: Statistical Attack, Error: 0, Time: 0.07966995239257812, NFound: 10, Coef: 10
