Round: 1, Attack Type: Statistical Attack, Error: 0, Time: 0.07657599449157715, NFound: 10, Coef: 10
Round: 2, Attack Type: Statistical Attack, Error: 0, Time: 0.07805895805358887, NFound: 10, Coef: 10
