Round: 1, Attack Type: Statistical Attack, Error: 0, Time: 0.11255931854248047, NFound: 10, Coef: 10
Round: 2, Attack Type: Statistical Attack, Error: 0, Time: 0.11675882339477539, NFound: 10, Coef: 10
