Round: 1, Attack Type: Statistical Attack, Error: 0, Time: 0.09441900253295898, NFound: 5, Coef: 8
Round: 2, Attack Type: Statistical Attack, Error: 0, Time: 0.10435605049133301, NFound: 10, Coef: 10
