Round: 1, Attack Type: Statistical Attack, Error: 0, Time: 0.0742349624633789, NFound: 5, Coef: 8
Round: 2, Attack Type: Statistical Attack, Error: 0, Time: 0.09021425247192383, NFound: 10, Coef: 10
