Round: 1, Attack Type: Statistical Attack, Error: 0, Time: 0.07797408103942871, NFound: 10, Coef: 10
Round: 2, Attack Type: Statistical Attack, Error: 0, Time: 0.0863349437713623, NFound: 10, Coef: 10
