Round: 1, Attack Type: Statistical Attack, Error: 0, Time: 0.0787363052368164, NFound: 10, Coef: 10
Round: 2, Attack Type: Statistical Attack, Error: 0, Time: 0.07740402221679688, NFound: 10, Coef: 10
