Round: 1, Attack Type: Statistical Attack, Error: 0, Time: 0.06539678573608398, NFound: 5, Coef: 8
Round: 2, Attack Type: Statistical Attack, Error: 0, Time: 0.0694730281829834, NFound: 10, Coef: 10
