Round: 1, Attack Type: Statistical Attack, Error: 0, Time: 0.08286809921264648, NFound: 10, Coef: 10
Round: 2, Attack Type: Statistical Attack, Error: 0, Time: 0.09336280822753906, NFound: 10, Coef: 10
