Round: 1, Attack Type: Statistical Attack, Error: 0, Time: 0.09584617614746094, NFound: 10, Coef: 10
Round: 2, Attack Type: Statistical Attack, Error: 0, Time: 0.1003410816192627, NFound: 10, Coef: 10
