Round: 1, Attack Type: Statistical Attack, Error: 0, Time: 0.07903194427490234, NFound: 10, Coef: 10
Round: 2, Attack Type: Statistical Attack, Error: 0, Time: 0.10656118392944336, NFound: 10, Coef: 10
