Round: 1, Attack Type: Statistical Attack, Error: 0, Time: 0.07645177841186523, NFound: 5, Coef: 8
Round: 2, Attack Type: Statistical Attack, Error: 0, Time: 0.08947610855102539, NFound: 9, Coef: 8
