Round: 1, Attack Type: Statistical Attack, Error: 0, Time: 0.08581304550170898, NFound: 10, Coef: 10
Round: 2, Attack Type: Statistical Attack, Error: 0, Time: 0.10539531707763672, NFound: 9, Coef: 8
