Round: 1, Attack Type: Statistical Attack, Error: 0, Time: 0.07245683670043945, NFound: 10, Coef: 10
Round: 2, Attack Type: Statistical Attack, Error: 0, Time: 0.08963894844055176, NFound: 10, Coef: 10
