Round: 1, Attack Type: Statistical Attack, Error: 0, Time: 0.0790860652923584, NFound: 10, Coef: 10
Round: 2, Attack Type: Statistical Attack, Error: 0, Time: 0.0797271728515625, NFound: 10, Coef: 10
