Round: 1, Attack Type: Statistical Attack, Error: 0, Time: 0.09229898452758789, NFound: 10, Coef: 10
Round: 2, Attack Type: Statistical Attack, Error: 0, Time: 0.1013338565826416, NFound: 10, Coef: 10
