Round: 1, Attack Type: Statistical Attack, Error: 0, Time: 0.0697171688079834, NFound: 10, Coef: 10
Round: 2, Attack Type: Statistical Attack, Error: 0, Time: 0.08068394660949707, NFound: 10, Coef: 10
