Round: 1, Attack Type: Statistical Attack, Error: 0, Time: 0.08031415939331055, NFound: 10, Coef: 10
Round: 2, Attack Type: Statistical Attack, Error: 0, Time: 0.0902249813079834, NFound: 10, Coef: 10
