Round: 1, Attack Type: Statistical Attack, Error: 0, Time: 0.09501481056213379, NFound: 10, Coef: 10
Round: 2, Attack Type: Statistical Attack, Error: 0, Time: 0.20571684837341309, NFound: 10, Coef: 10
