Round: 1, Attack Type: Statistical Attack, Error: 0, Time: 0.07645797729492188, NFound: 10, Coef: 10
Round: 2, Attack Type: Statistical Attack, Error: 0, Time: 0.08085918426513672, NFound: 10, Coef: 10
