Round: 1, Attack Type: Statistical Attack, Error: 0, Time: 0.10155797004699707, NFound: 10, Coef: 10
Round: 2, Attack Type: Statistical Attack, Error: 0, Time: 0.10815119743347168, NFound: 10, Coef: 10
