Round: 1, Attack Type: Statistical Attack, Error: 0, Time: 0.0769190788269043, NFound: 9, Coef: 8
Round: 2, Attack Type: Statistical Attack, Error: 0, Time: 0.07560014724731445, NFound: 10, Coef: 10
