Round: 1, Attack Type: Statistical Attack, Error: 0, Time: 0.08363914489746094, NFound: 10, Coef: 10
Round: 2, Attack Type: Statistical Attack, Error: 0, Time: 0.0971379280090332, NFound: 10, Coef: 10
