Round: 1, Attack Type: Statistical Attack, Error: 0, Time: 0.07701301574707031, NFound: 10, Coef: 10
Round: 2, Attack Type: Statistical Attack, Error: 0, Time: 0.0887141227722168, NFound: 9, Coef: 8
