Round: 1, Attack Type: Statistical Attack, Error: 0, Time: 0.09311175346374512, NFound: 10, Coef: 10
Round: 2, Attack Type: Statistical Attack, Error: 0, Time: 0.08819413185119629, NFound: 10, Coef: 10
