Round: 1, Attack Type: Statistical Attack, Error: 0, Time: 0.09308576583862305, NFound: 5, Coef: 8
Round: 2, Attack Type: Statistical Attack, Error: 0, Time: 0.09922099113464355, NFound: 10, Coef: 10
