Round: 1, Attack Type: Statistical Attack, Error: 0, Time: 0.07569599151611328, NFound: 10, Coef: 10
Round: 2, Attack Type: Statistical Attack, Error: 0, Time: 0.09445524215698242, NFound: 10, Coef: 10
