Round: 1, Attack Type: Statistical Attack, Error: 0, Time: 0.07451796531677246, NFound: 5, Coef: 8
Round: 2, Attack Type: Statistical Attack, Error: 0, Time: 0.08246803283691406, NFound: 10, Coef: 10
