Round: 1, Attack Type: Statistical Attack, Error: 0, Time: 0.0718851089477539, NFound: 5, Coef: 8
Round: 2, Attack Type: Statistical Attack, Error: 0, Time: 0.08631706237792969, NFound: 10, Coef: 10
