Round: 1, Attack Type: Statistical Attack, Error: 0, Time: 0.056246042251586914, NFound: 10, Coef: 10
Round: 2, Attack Type: Statistical Attack, Error: 0, Time: 0.06579089164733887, NFound: 10, Coef: 10
