Round: 1, Attack Type: Statistical Attack, Error: 0, Time: 0.07283496856689453, NFound: 5, Coef: 8
Round: 2, Attack Type: Statistical Attack, Error: 0, Time: 0.08629298210144043, NFound: 9, Coef: 8
