Round: 1, Attack Type: Statistical Attack, Error: 0, Time: 0.09132981300354004, NFound: 10, Coef: 10
Round: 2, Attack Type: Statistical Attack, Error: 0, Time: 0.1001129150390625, NFound: 10, Coef: 10
