Round: 1, Attack Type: Statistical Attack, Error: 0, Time: 0.07273292541503906, NFound: 10, Coef: 10
Round: 2, Attack Type: Statistical Attack, Error: 0, Time: 0.08086228370666504, NFound: 10, Coef: 10
