Round: 1, Attack Type: Statistical Attack, Error: 0, Time: 0.07362985610961914, NFound: 5, Coef: 8
Round: 2, Attack Type: Statistical Attack, Error: 0, Time: 0.08877682685852051, NFound: 10, Coef: 10
