Round: 1, Attack Type: Statistical Attack, Error: 0, Time: 0.10991597175598145, NFound: 9, Coef: 8
Round: 2, Attack Type: Statistical Attack, Error: 0, Time: 0.10438013076782227, NFound: 10, Coef: 10
