Round: 1, Attack Type: Statistical Attack, Error: 0, Time: 0.09363985061645508, NFound: 10, Coef: 10
Round: 2, Attack Type: Statistical Attack, Error: 0, Time: 0.10825967788696289, NFound: 10, Coef: 10
