Round: 1, Attack Type: Statistical Attack, Error: 0, Time: 0.08046817779541016, NFound: 5, Coef: 8
Round: 2, Attack Type: Statistical Attack, Error: 0, Time: 0.09348106384277344, NFound: 10, Coef: 10
