Round: 1, Attack Type: Statistical Attack, Error: 0, Time: 0.06008124351501465, NFound: 5, Coef: 8
Round: 2, Attack Type: Statistical Attack, Error: 0, Time: 0.06206011772155762, NFound: 10, Coef: 10
