Round: 1, Attack Type: Statistical Attack, Error: 0, Time: 0.07944393157958984, NFound: 10, Coef: 10
Round: 2, Attack Type: Statistical Attack, Error: 0, Time: 0.07982993125915527, NFound: 10, Coef: 10
