Round: 1, Attack Type: Statistical Attack, Error: 0, Time: 0.07411980628967285, NFound: 5, Coef: 8
Round: 2, Attack Type: Statistical Attack, Error: 0, Time: 0.07227110862731934, NFound: 10, Coef: 10
