Round: 1, Attack Type: Statistical Attack, Error: 0, Time: 0.11133694648742676, NFound: 10, Coef: 10
Round: 2, Attack Type: Statistical Attack, Error: 0, Time: 0.1749711036682129, NFound: 10, Coef: 10
