Round: 1, Attack Type: Statistical Attack, Error: 0, Time: 0.07315683364868164, NFound: 10, Coef: 10
Round: 2, Attack Type: Statistical Attack, Error: 0, Time: 0.07723283767700195, NFound: 10, Coef: 10
