Round: 1, Attack Type: Statistical Attack, Error: 0, Time: 0.08453989028930664, NFound: 5, Coef: 8
Round: 2, Attack Type: Statistical Attack, Error: 0, Time: 0.08615612983703613, NFound: 10, Coef: 10
