Round: 1, Attack Type: Statistical Attack, Error: 0, Time: 0.08745598793029785, NFound: 5, Coef: 8
Round: 2, Attack Type: Statistical Attack, Error: 0, Time: 0.09068608283996582, NFound: 10, Coef: 10
