Round: 1, Attack Type: Statistical Attack, Error: 0, Time: 0.09029817581176758, NFound: 10, Coef: 10
Round: 2, Attack Type: Statistical Attack, Error: 0, Time: 0.09731197357177734, NFound: 10, Coef: 10
