Round: 1, Attack Type: Statistical Attack, Error: 0, Time: 0.07386231422424316, NFound: 5, Coef: 8
Round: 2, Attack Type: Statistical Attack, Error: 0, Time: 0.08195376396179199, NFound: 10, Coef: 10
