Round: 1, Attack Type: Statistical Attack, Error: 0, Time: 0.08860588073730469, NFound: 5, Coef: 8
Round: 2, Attack Type: Statistical Attack, Error: 0, Time: 0.6790621280670166, NFound: 10, Coef: 10
