Round: 1, Attack Type: Statistical Attack, Error: 0, Time: 0.07427597045898438, NFound: 10, Coef: 10
Round: 2, Attack Type: Statistical Attack, Error: 0, Time: 0.08370471000671387, NFound: 10, Coef: 10
