Round: 1, Attack Type: Statistical Attack, Error: 0, Time: 0.07514214515686035, NFound: 5, Coef: 8
Round: 2, Attack Type: Statistical Attack, Error: 0, Time: 0.0856168270111084, NFound: 10, Coef: 10
