Round: 1, Attack Type: Statistical Attack, Error: 0, Time: 0.07346725463867188, NFound: 10, Coef: 10
Round: 2, Attack Type: Statistical Attack, Error: 0, Time: 0.08536720275878906, NFound: 10, Coef: 10
