Round: 1, Attack Type: Statistical Attack, Error: 0, Time: 0.06818509101867676, NFound: 10, Coef: 10
Round: 2, Attack Type: Statistical Attack, Error: 0, Time: 0.08264279365539551, NFound: 10, Coef: 10
