Round: 1, Attack Type: Statistical Attack, Error: 0, Time: 0.07888484001159668, NFound: 5, Coef: 8
Round: 2, Attack Type: Statistical Attack, Error: 0, Time: 0.07483530044555664, NFound: 10, Coef: 10
