Round: 1, Attack Type: Statistical Attack, Error: 0, Time: 0.07389998435974121, NFound: 5, Coef: 8
Round: 2, Attack Type: Statistical Attack, Error: 0, Time: 0.08334088325500488, NFound: 10, Coef: 10
