Round: 1, Attack Type: Statistical Attack, Error: 0, Time: 0.07555794715881348, NFound: 10, Coef: 10
Round: 2, Attack Type: Statistical Attack, Error: 0, Time: 0.07908010482788086, NFound: 10, Coef: 10
