Round: 1, Attack Type: Statistical Attack, Error: 0, Time: 0.10443592071533203, NFound: 5, Coef: 8
Round: 2, Attack Type: Statistical Attack, Error: 0, Time: 0.1187429428100586, NFound: 9, Coef: 8
