Round: 1, Attack Type: Statistical Attack, Error: 0, Time: 0.08365702629089355, NFound: 9, Coef: 9
Round: 2, Attack Type: Statistical Attack, Error: 0, Time: 0.07306909561157227, NFound: 10, Coef: 10
