Round: 1, Attack Type: Statistical Attack, Error: 0, Time: 0.07415509223937988, NFound: 10, Coef: 10
Round: 2, Attack Type: Statistical Attack, Error: 0, Time: 0.08005595207214355, NFound: 10, Coef: 10
