Round: 1, Attack Type: Statistical Attack, Error: 0, Time: 0.06901884078979492, NFound: 5, Coef: 8
Round: 2, Attack Type: Statistical Attack, Error: 0, Time: 0.07837414741516113, NFound: 10, Coef: 10
