Round: 1, Attack Type: Statistical Attack, Error: 0, Time: 0.1366269588470459, NFound: 10, Coef: 10
Round: 2, Attack Type: Statistical Attack, Error: 0, Time: 0.10828995704650879, NFound: 10, Coef: 10
