Round: 1, Attack Type: Statistical Attack, Error: 0, Time: 0.09261703491210938, NFound: 5, Coef: 8
Round: 2, Attack Type: Statistical Attack, Error: 0, Time: 0.09183573722839355, NFound: 10, Coef: 10
