Round: 1, Attack Type: Statistical Attack, Error: 0, Time: 0.09994387626647949, NFound: 10, Coef: 10
Round: 2, Attack Type: Statistical Attack, Error: 0, Time: 0.1206510066986084, NFound: 10, Coef: 10
