Round: 1, Attack Type: Statistical Attack, Error: 0, Time: 0.07625198364257812, NFound: 10, Coef: 10
Round: 2, Attack Type: Statistical Attack, Error: 0, Time: 0.08055400848388672, NFound: 10, Coef: 10
