Round: 1, Attack Type: Statistical Attack, Error: 0, Time: 0.07547283172607422, NFound: 5, Coef: 8
Round: 2, Attack Type: Statistical Attack, Error: 0, Time: 0.08492684364318848, NFound: 10, Coef: 10
