Round: 1, Attack Type: Statistical Attack, Error: 0, Time: 0.07987499237060547, NFound: 10, Coef: 10
Round: 2, Attack Type: Statistical Attack, Error: 0, Time: 0.08393383026123047, NFound: 10, Coef: 10
