Round: 1, Attack Type: Statistical Attack, Error: 0, Time: 0.1065361499786377, NFound: 9, Coef: 8
Round: 2, Attack Type: Statistical Attack, Error: 0, Time: 0.10582900047302246, NFound: 10, Coef: 10
