Round: 1, Attack Type: Statistical Attack, Error: 0, Time: 0.09911870956420898, NFound: 10, Coef: 10
Round: 2, Attack Type: Statistical Attack, Error: 0, Time: 0.10416698455810547, NFound: 10, Coef: 10
