Round: 1, Attack Type: Statistical Attack, Error: 0, Time: 0.06072711944580078, NFound: 10, Coef: 10
Round: 2, Attack Type: Statistical Attack, Error: 0, Time: 0.06213974952697754, NFound: 10, Coef: 10
