Round: 1, Attack Type: Statistical Attack, Error: 0, Time: 0.10670900344848633, NFound: 5, Coef: 8
Round: 2, Attack Type: Statistical Attack, Error: 0, Time: 0.11115789413452148, NFound: 10, Coef: 10
