Round: 1, Attack Type: Statistical Attack, Error: 0, Time: 0.08610200881958008, NFound: 5, Coef: 8
Round: 2, Attack Type: Statistical Attack, Error: 0, Time: 0.09950876235961914, NFound: 10, Coef: 10
