Round: 1, Attack Type: Statistical Attack, Error: 0, Time: 0.091217041015625, NFound: 5, Coef: 8
Round: 2, Attack Type: Statistical Attack, Error: 0, Time: 0.09635400772094727, NFound: 10, Coef: 10
