Round: 1, Attack Type: Statistical Attack, Error: 0, Time: 0.07741785049438477, NFound: 5, Coef: 8
Round: 2, Attack Type: Statistical Attack, Error: 0, Time: 0.08740878105163574, NFound: 10, Coef: 10
