Round: 1, Attack Type: Statistical Attack, Error: 0, Time: 0.07628297805786133, NFound: 5, Coef: 8
Round: 2, Attack Type: Statistical Attack, Error: 0, Time: 0.07742428779602051, NFound: 10, Coef: 10
