Round: 1, Attack Type: Statistical Attack, Error: 0, Time: 0.09503006935119629, NFound: 5, Coef: 8
Round: 2, Attack Type: Statistical Attack, Error: 0, Time: 0.10789203643798828, NFound: 10, Coef: 10
