Round: 1, Attack Type: Statistical Attack, Error: 0, Time: 0.08025217056274414, NFound: 10, Coef: 10
Round: 2, Attack Type: Statistical Attack, Error: 0, Time: 0.08373808860778809, NFound: 10, Coef: 10
