Round: 1, Attack Type: Statistical Attack, Error: 0, Time: 0.07993793487548828, NFound: 5, Coef: 8
Round: 2, Attack Type: Statistical Attack, Error: 0, Time: 0.09199213981628418, NFound: 10, Coef: 10
