Round: 1, Attack Type: Statistical Attack, Error: 0, Time: 0.09274029731750488, NFound: 10, Coef: 10
Round: 2, Attack Type: Statistical Attack, Error: 0, Time: 0.09876894950866699, NFound: 10, Coef: 10
