Round: 1, Attack Type: Statistical Attack, Error: 0, Time: 0.0877220630645752, NFound: 5, Coef: 8
Round: 2, Attack Type: Statistical Attack, Error: 0, Time: 0.09833693504333496, NFound: 10, Coef: 10
