Round: 1, Attack Type: Statistical Attack, Error: 0, Time: 0.06830000877380371, NFound: 10, Coef: 10
Round: 2, Attack Type: Statistical Attack, Error: 0, Time: 0.07262492179870605, NFound: 10, Coef: 10
