Round: 1, Attack Type: Statistical Attack, Error: 0, Time: 0.08062410354614258, NFound: 10, Coef: 10
Round: 2, Attack Type: Statistical Attack, Error: 0, Time: 0.09860610961914062, NFound: 9, Coef: 8
