Round: 1, Attack Type: Statistical Attack, Error: 0, Time: 0.07497406005859375, NFound: 10, Coef: 10
Round: 2, Attack Type: Statistical Attack, Error: 0, Time: 0.07860493659973145, NFound: 10, Coef: 10
