Round: 1, Attack Type: Statistical Attack, Error: 0, Time: 0.0937037467956543, NFound: 10, Coef: 10
Round: 2, Attack Type: Statistical Attack, Error: 0, Time: 0.09116315841674805, NFound: 10, Coef: 10
