Round: 1, Attack Type: Statistical Attack, Error: 0, Time: 0.07262587547302246, NFound: 5, Coef: 8
Round: 2, Attack Type: Statistical Attack, Error: 0, Time: 0.0753328800201416, NFound: 10, Coef: 10
