Round: 1, Attack Type: Statistical Attack, Error: 0, Time: 0.07558727264404297, NFound: 10, Coef: 10
Round: 2, Attack Type: Statistical Attack, Error: 0, Time: 0.08797693252563477, NFound: 10, Coef: 10
