Round: 1, Attack Type: Statistical Attack, Error: 0, Time: 0.07547879219055176, NFound: 10, Coef: 10
Round: 2, Attack Type: Statistical Attack, Error: 0, Time: 0.07681393623352051, NFound: 10, Coef: 10
