Round: 1, Attack Type: Statistical Attack, Error: 0, Time: 0.07259178161621094, NFound: 10, Coef: 10
Round: 2, Attack Type: Statistical Attack, Error: 0, Time: 0.09085798263549805, NFound: 10, Coef: 10
