Round: 1, Attack Type: Statistical Attack, Error: 0, Time: 0.09713292121887207, NFound: 5, Coef: 8
Round: 2, Attack Type: Statistical Attack, Error: 0, Time: 0.08205270767211914, NFound: 10, Coef: 10
