Round: 1, Attack Type: Statistical Attack, Error: 0, Time: 0.07721400260925293, NFound: 10, Coef: 10
Round: 2, Attack Type: Statistical Attack, Error: 0, Time: 0.09730410575866699, NFound: 9, Coef: 8
