Round: 1, Attack Type: Statistical Attack, Error: 0, Time: 0.08290815353393555, NFound: 5, Coef: 8
Round: 2, Attack Type: Statistical Attack, Error: 0, Time: 0.08704090118408203, NFound: 9, Coef: 8
