Round: 1, Attack Type: Statistical Attack, Error: 0, Time: 0.08135676383972168, NFound: 10, Coef: 10
Round: 2, Attack Type: Statistical Attack, Error: 0, Time: 0.0945429801940918, NFound: 10, Coef: 10
