Round: 1, Attack Type: Statistical Attack, Error: 0, Time: 0.07625913619995117, NFound: 5, Coef: 8
Round: 2, Attack Type: Statistical Attack, Error: 0, Time: 0.08798098564147949, NFound: 9, Coef: 8
