Round: 1, Attack Type: Statistical Attack, Error: 0, Time: 0.07596993446350098, NFound: 5, Coef: 8
Round: 2, Attack Type: Statistical Attack, Error: 0, Time: 0.0771641731262207, NFound: 10, Coef: 10
