Round: 1, Attack Type: Statistical Attack, Error: 0, Time: 0.07185697555541992, NFound: 5, Coef: 8
Round: 2, Attack Type: Statistical Attack, Error: 0, Time: 0.0765681266784668, NFound: 10, Coef: 10
