Round: 1, Attack Type: Statistical Attack, Error: 0, Time: 0.08736109733581543, NFound: 10, Coef: 10
Round: 2, Attack Type: Statistical Attack, Error: 0, Time: 0.10079216957092285, NFound: 10, Coef: 10
