Round: 1, Attack Type: Statistical Attack, Error: 0, Time: 0.072052001953125, NFound: 10, Coef: 10
Round: 2, Attack Type: Statistical Attack, Error: 0, Time: 0.0865318775177002, NFound: 10, Coef: 10
