Round: 1, Attack Type: Statistical Attack, Error: 0, Time: 0.06656908988952637, NFound: 5, Coef: 8
Round: 2, Attack Type: Statistical Attack, Error: 0, Time: 0.07647514343261719, NFound: 10, Coef: 10
