Round: 1, Attack Type: Statistical Attack, Error: 0, Time: 0.09340715408325195, NFound: 10, Coef: 10
Round: 2, Attack Type: Statistical Attack, Error: 0, Time: 0.10858607292175293, NFound: 10, Coef: 10
