Round: 1, Attack Type: Statistical Attack, Error: 0, Time: 0.07249188423156738, NFound: 10, Coef: 10
Round: 2, Attack Type: Statistical Attack, Error: 0, Time: 0.09020280838012695, NFound: 10, Coef: 10
