Round: 1, Attack Type: Statistical Attack, Error: 0, Time: 0.09040093421936035, NFound: 10, Coef: 10
Round: 2, Attack Type: Statistical Attack, Error: 0, Time: 0.10249900817871094, NFound: 10, Coef: 10
