Round: 1, Attack Type: Statistical Attack, Error: 0, Time: 0.08382010459899902, NFound: 5, Coef: 8
Round: 2, Attack Type: Statistical Attack, Error: 0, Time: 0.08635807037353516, NFound: 10, Coef: 10
