Round: 1, Attack Type: Statistical Attack, Error: 0, Time: 0.08135771751403809, NFound: 10, Coef: 10
Round: 2, Attack Type: Statistical Attack, Error: 0, Time: 0.08732223510742188, NFound: 10, Coef: 10
