Round: 1, Attack Type: Statistical Attack, Error: 0, Time: 0.07509088516235352, NFound: 5, Coef: 8
Round: 2, Attack Type: Statistical Attack, Error: 0, Time: 0.08415579795837402, NFound: 10, Coef: 10
