Round: 1, Attack Type: Statistical Attack, Error: 0, Time: 0.07581806182861328, NFound: 10, Coef: 10
Round: 2, Attack Type: Statistical Attack, Error: 0, Time: 0.08244562149047852, NFound: 10, Coef: 10
