Round: 1, Attack Type: Statistical Attack, Error: 0, Time: 0.07530522346496582, NFound: 5, Coef: 8
Round: 2, Attack Type: Statistical Attack, Error: 0, Time: 0.0795738697052002, NFound: 10, Coef: 10
