Round: 1, Attack Type: Statistical Attack, Error: 0, Time: 0.0782771110534668, NFound: 5, Coef: 8
Round: 2, Attack Type: Statistical Attack, Error: 0, Time: 0.08120274543762207, NFound: 10, Coef: 10
