Round: 1, Attack Type: Statistical Attack, Error: 0, Time: 0.07535386085510254, NFound: 5, Coef: 8
Round: 2, Attack Type: Statistical Attack, Error: 0, Time: 0.08181118965148926, NFound: 10, Coef: 10
