Round: 1, Attack Type: Statistical Attack, Error: 0, Time: 0.11319208145141602, NFound: 10, Coef: 10
Round: 2, Attack Type: Statistical Attack, Error: 0, Time: 0.13016986846923828, NFound: 10, Coef: 10
