Round: 1, Attack Type: Statistical Attack, Error: 0, Time: 0.07554888725280762, NFound: 10, Coef: 10
Round: 2, Attack Type: Statistical Attack, Error: 0, Time: 0.08491706848144531, NFound: 10, Coef: 10
