Round: 1, Attack Type: Statistical Attack, Error: 0, Time: 0.09630393981933594, NFound: 5, Coef: 8
Round: 2, Attack Type: Statistical Attack, Error: 0, Time: 0.09987783432006836, NFound: 10, Coef: 10
