Round: 1, Attack Type: Statistical Attack, Error: 0, Time: 0.06765174865722656, NFound: 10, Coef: 10
Round: 2, Attack Type: Statistical Attack, Error: 0, Time: 0.07984733581542969, NFound: 10, Coef: 10
