Round: 1, Attack Type: Statistical Attack, Error: 0, Time: 0.0803079605102539, NFound: 9, Coef: 8
Round: 2, Attack Type: Statistical Attack, Error: 0, Time: 0.07782340049743652, NFound: 10, Coef: 10
