Round: 1, Attack Type: Statistical Attack, Error: 0, Time: 0.06833791732788086, NFound: 9, Coef: 8
Round: 2, Attack Type: Statistical Attack, Error: 0, Time: 0.06967616081237793, NFound: 10, Coef: 10
