Round: 1, Attack Type: Statistical Attack, Error: 0, Time: 0.11080694198608398, NFound: 5, Coef: 8
Round: 2, Attack Type: Statistical Attack, Error: 0, Time: 0.12162208557128906, NFound: 10, Coef: 10
