Round: 1, Attack Type: Statistical Attack, Error: 0, Time: 0.13530588150024414, NFound: 5, Coef: 8
Round: 2, Attack Type: Statistical Attack, Error: 0, Time: 0.2942492961883545, NFound: 10, Coef: 10
