Round: 1, Attack Type: Statistical Attack, Error: 0, Time: 0.07552194595336914, NFound: 10, Coef: 10
Round: 2, Attack Type: Statistical Attack, Error: 0, Time: 0.08198189735412598, NFound: 10, Coef: 10
