Round: 1, Attack Type: Statistical Attack, Error: 0, Time: 0.07256817817687988, NFound: 10, Coef: 10
Round: 2, Attack Type: Statistical Attack, Error: 0, Time: 0.08606886863708496, NFound: 10, Coef: 10
