Round: 1, Attack Type: Statistical Attack, Error: 0, Time: 0.07080817222595215, NFound: 5, Coef: 8
Round: 2, Attack Type: Statistical Attack, Error: 0, Time: 0.07782888412475586, NFound: 10, Coef: 10
