Round: 1, Attack Type: Statistical Attack, Error: 0, Time: 0.07883977890014648, NFound: 10, Coef: 10
Round: 2, Attack Type: Statistical Attack, Error: 0, Time: 0.08459877967834473, NFound: 10, Coef: 10
