Round: 1, Attack Type: Statistical Attack, Error: 0, Time: 0.07664060592651367, NFound: 10, Coef: 10
Round: 2, Attack Type: Statistical Attack, Error: 0, Time: 0.08020710945129395, NFound: 10, Coef: 10
