Round: 1, Attack Type: Statistical Attack, Error: 0, Time: 0.09622001647949219, NFound: 5, Coef: 8
Round: 2, Attack Type: Statistical Attack, Error: 0, Time: 0.1308581829071045, NFound: 10, Coef: 10
