Round: 1, Attack Type: Statistical Attack, Error: 0, Time: 0.09274125099182129, NFound: 5, Coef: 8
Round: 2, Attack Type: Statistical Attack, Error: 0, Time: 0.12101602554321289, NFound: 10, Coef: 10
