Round: 1, Attack Type: Statistical Attack, Error: 0, Time: 0.0740196704864502, NFound: 10, Coef: 10
Round: 2, Attack Type: Statistical Attack, Error: 0, Time: 0.08285689353942871, NFound: 10, Coef: 10
