Round: 1, Attack Type: Statistical Attack, Error: 0, Time: 0.09236407279968262, NFound: 10, Coef: 10
Round: 2, Attack Type: Statistical Attack, Error: 0, Time: 0.10560107231140137, NFound: 10, Coef: 10
