Round: 1, Attack Type: Statistical Attack, Error: 0, Time: 0.08114194869995117, NFound: 5, Coef: 8
Round: 2, Attack Type: Statistical Attack, Error: 0, Time: 0.0825049877166748, NFound: 10, Coef: 10
