Round: 1, Attack Type: Statistical Attack, Error: 0, Time: 0.07570314407348633, NFound: 10, Coef: 10
Round: 2, Attack Type: Statistical Attack, Error: 0, Time: 0.0801239013671875, NFound: 10, Coef: 10
