Round: 1, Attack Type: Statistical Attack, Error: 0, Time: 0.08101892471313477, NFound: 5, Coef: 8
Round: 2, Attack Type: Statistical Attack, Error: 0, Time: 0.07950520515441895, NFound: 10, Coef: 10
