Round: 1, Attack Type: Statistical Attack, Error: 0, Time: 0.08479905128479004, NFound: 5, Coef: 8
Round: 2, Attack Type: Statistical Attack, Error: 0, Time: 0.07739686965942383, NFound: 10, Coef: 10
