Round: 1, Attack Type: Statistical Attack, Error: 0, Time: 0.07922792434692383, NFound: 10, Coef: 10
Round: 2, Attack Type: Statistical Attack, Error: 0, Time: 0.08678627014160156, NFound: 10, Coef: 10
