Round: 1, Attack Type: Statistical Attack, Error: 0, Time: 0.07409906387329102, NFound: 10, Coef: 10
Round: 2, Attack Type: Statistical Attack, Error: 0, Time: 0.08391404151916504, NFound: 9, Coef: 8
