Round: 1, Attack Type: Statistical Attack, Error: 0, Time: 0.0964810848236084, NFound: 10, Coef: 10
Round: 2, Attack Type: Statistical Attack, Error: 0, Time: 0.11180782318115234, NFound: 10, Coef: 10
