Round: 1, Attack Type: Statistical Attack, Error: 0, Time: 0.07776594161987305, NFound: 10, Coef: 10
Round: 2, Attack Type: Statistical Attack, Error: 0, Time: 0.08059811592102051, NFound: 10, Coef: 10
