Round: 1, Attack Type: Statistical Attack, Error: 0, Time: 0.09655880928039551, NFound: 5, Coef: 8
Round: 2, Attack Type: Statistical Attack, Error: 0, Time: 0.11681199073791504, NFound: 10, Coef: 10
