Round: 1, Attack Type: Statistical Attack, Error: 0, Time: 0.10776710510253906, NFound: 5, Coef: 8
Round: 2, Attack Type: Statistical Attack, Error: 0, Time: 0.15366721153259277, NFound: 10, Coef: 10
