Round: 1, Attack Type: Statistical Attack, Error: 0, Time: 0.08000874519348145, NFound: 5, Coef: 8
Round: 2, Attack Type: Statistical Attack, Error: 0, Time: 0.0890798568725586, NFound: 10, Coef: 10
