Round: 1, Attack Type: Statistical Attack, Error: 0, Time: 0.07770013809204102, NFound: 5, Coef: 8
Round: 2, Attack Type: Statistical Attack, Error: 0, Time: 0.07512307167053223, NFound: 10, Coef: 10
