Round: 1, Attack Type: Statistical Attack, Error: 0, Time: 0.08856320381164551, NFound: 10, Coef: 10
Round: 2, Attack Type: Statistical Attack, Error: 0, Time: 0.10026192665100098, NFound: 10, Coef: 10
