Round: 1, Attack Type: Statistical Attack, Error: 0, Time: 0.0876619815826416, NFound: 5, Coef: 8
Round: 2, Attack Type: Statistical Attack, Error: 0, Time: 0.0939478874206543, NFound: 10, Coef: 10
