Round: 1, Attack Type: Statistical Attack, Error: 0, Time: 0.08061599731445312, NFound: 10, Coef: 10
Round: 2, Attack Type: Statistical Attack, Error: 0, Time: 0.0809168815612793, NFound: 10, Coef: 10
