Round: 1, Attack Type: Statistical Attack, Error: 0, Time: 0.06975889205932617, NFound: 5, Coef: 8
Round: 2, Attack Type: Statistical Attack, Error: 0, Time: 0.08123016357421875, NFound: 10, Coef: 10
