Round: 1, Attack Type: Statistical Attack, Error: 0, Time: 0.0665440559387207, NFound: 5, Coef: 8
Round: 2, Attack Type: Statistical Attack, Error: 0, Time: 0.07616281509399414, NFound: 10, Coef: 10
