Round: 1, Attack Type: Statistical Attack, Error: 0, Time: 0.08370113372802734, NFound: 10, Coef: 10
Round: 2, Attack Type: Statistical Attack, Error: 0, Time: 0.1006479263305664, NFound: 10, Coef: 10
