Round: 1, Attack Type: Statistical Attack, Error: 0, Time: 0.07603907585144043, NFound: 10, Coef: 10
Round: 2, Attack Type: Statistical Attack, Error: 0, Time: 0.10462594032287598, NFound: 9, Coef: 8
