Round: 1, Attack Type: Statistical Attack, Error: 0, Time: 0.07050800323486328, NFound: 5, Coef: 8
Round: 2, Attack Type: Statistical Attack, Error: 0, Time: 0.07794690132141113, NFound: 10, Coef: 10
