Round: 1, Attack Type: Statistical Attack, Error: 0, Time: 0.08064913749694824, NFound: 10, Coef: 10
Round: 2, Attack Type: Statistical Attack, Error: 0, Time: 0.0764150619506836, NFound: 10, Coef: 10
