Round: 1, Attack Type: Statistical Attack, Error: 0, Time: 0.08087587356567383, NFound: 10, Coef: 10
Round: 2, Attack Type: Statistical Attack, Error: 0, Time: 0.0833132266998291, NFound: 10, Coef: 10
