Round: 1, Attack Type: Statistical Attack, Error: 0, Time: 0.09413599967956543, NFound: 5, Coef: 8
Round: 2, Attack Type: Statistical Attack, Error: 0, Time: 0.0912020206451416, NFound: 10, Coef: 10
