Round: 1, Attack Type: Statistical Attack, Error: 0, Time: 0.09508895874023438, NFound: 5, Coef: 8
Round: 2, Attack Type: Statistical Attack, Error: 0, Time: 0.0979158878326416, NFound: 10, Coef: 10
