Round: 1, Attack Type: Statistical Attack, Error: 0, Time: 0.06134605407714844, NFound: 5, Coef: 8
Round: 2, Attack Type: Statistical Attack, Error: 0, Time: 0.06695985794067383, NFound: 10, Coef: 10
