Round: 1, Attack Type: Statistical Attack, Error: 0, Time: 0.07414078712463379, NFound: 5, Coef: 8
Round: 2, Attack Type: Statistical Attack, Error: 0, Time: 0.0870351791381836, NFound: 10, Coef: 10
