Round: 1, Attack Type: Statistical Attack, Error: 0, Time: 0.08336305618286133, NFound: 10, Coef: 10
Round: 2, Attack Type: Statistical Attack, Error: 0, Time: 0.09859895706176758, NFound: 10, Coef: 10
