Round: 1, Attack Type: Statistical Attack, Error: 0, Time: 0.09082603454589844, NFound: 10, Coef: 10
Round: 2, Attack Type: Statistical Attack, Error: 0, Time: 0.09709382057189941, NFound: 10, Coef: 10
