Round: 1, Attack Type: Statistical Attack, Error: 0, Time: 0.07315492630004883, NFound: 5, Coef: 8
Round: 2, Attack Type: Statistical Attack, Error: 0, Time: 0.0821990966796875, NFound: 10, Coef: 10
