Round: 1, Attack Type: Statistical Attack, Error: 0, Time: 0.0662069320678711, NFound: 10, Coef: 10
Round: 2, Attack Type: Statistical Attack, Error: 0, Time: 0.07024312019348145, NFound: 10, Coef: 10
