Round: 1, Attack Type: Statistical Attack, Error: 0, Time: 0.07230520248413086, NFound: 5, Coef: 8
Round: 2, Attack Type: Statistical Attack, Error: 0, Time: 0.08145594596862793, NFound: 10, Coef: 10
