Round: 1, Attack Type: Statistical Attack, Error: 0, Time: 0.06418204307556152, NFound: 5, Coef: 8
Round: 2, Attack Type: Statistical Attack, Error: 0, Time: 0.06820988655090332, NFound: 10, Coef: 10
