Round: 1, Attack Type: Statistical Attack, Error: 0, Time: 0.07932519912719727, NFound: 5, Coef: 8
Round: 2, Attack Type: Statistical Attack, Error: 0, Time: 0.0980370044708252, NFound: 10, Coef: 10
