Round: 1, Attack Type: Statistical Attack, Error: 0, Time: 0.07828402519226074, NFound: 10, Coef: 10
Round: 2, Attack Type: Statistical Attack, Error: 0, Time: 0.08461689949035645, NFound: 10, Coef: 10
