Round: 1, Attack Type: Statistical Attack, Error: 0, Time: 0.08521175384521484, NFound: 10, Coef: 10
Round: 2, Attack Type: Statistical Attack, Error: 0, Time: 0.09743094444274902, NFound: 10, Coef: 10
