Round: 1, Attack Type: Statistical Attack, Error: 0, Time: 0.06614089012145996, NFound: 10, Coef: 10
Round: 2, Attack Type: Statistical Attack, Error: 0, Time: 0.07219076156616211, NFound: 10, Coef: 10
