Round: 1, Attack Type: Statistical Attack, Error: 0, Time: 0.07612085342407227, NFound: 5, Coef: 8
Round: 2, Attack Type: Statistical Attack, Error: 0, Time: 0.07265496253967285, NFound: 10, Coef: 10
