Round: 1, Attack Type: Statistical Attack, Error: 0, Time: 0.10463285446166992, NFound: 5, Coef: 8
Round: 2, Attack Type: Statistical Attack, Error: 0, Time: 0.10330486297607422, NFound: 10, Coef: 10
