Round: 1, Attack Type: Statistical Attack, Error: 0, Time: 0.07475900650024414, NFound: 10, Coef: 10
Round: 2, Attack Type: Statistical Attack, Error: 0, Time: 0.07908201217651367, NFound: 10, Coef: 10
