Round: 1, Attack Type: Statistical Attack, Error: 0, Time: 0.08994817733764648, NFound: 5, Coef: 8
Round: 2, Attack Type: Statistical Attack, Error: 0, Time: 0.09585690498352051, NFound: 10, Coef: 10
