Round: 1, Attack Type: Statistical Attack, Error: 0, Time: 0.08095097541809082, NFound: 5, Coef: 8
Round: 2, Attack Type: Statistical Attack, Error: 0, Time: 0.08025288581848145, NFound: 10, Coef: 10
