Round: 1, Attack Type: Statistical Attack, Error: 0, Time: 0.07959866523742676, NFound: 5, Coef: 8
Round: 2, Attack Type: Statistical Attack, Error: 0, Time: 0.08815193176269531, NFound: 10, Coef: 10
