Round: 1, Attack Type: Statistical Attack, Error: 0, Time: 0.06836724281311035, NFound: 10, Coef: 10
Round: 2, Attack Type: Statistical Attack, Error: 0, Time: 0.0828390121459961, NFound: 10, Coef: 10
