Round: 1, Attack Type: Statistical Attack, Error: 0, Time: 0.07054591178894043, NFound: 5, Coef: 8
Round: 2, Attack Type: Statistical Attack, Error: 0, Time: 0.08020997047424316, NFound: 10, Coef: 10
