Round: 1, Attack Type: Statistical Attack, Error: 0, Time: 0.10914826393127441, NFound: 5, Coef: 8
Round: 2, Attack Type: Statistical Attack, Error: 0, Time: 0.10144400596618652, NFound: 10, Coef: 10
