Round: 1, Attack Type: Statistical Attack, Error: 0, Time: 0.07956886291503906, NFound: 5, Coef: 8
Round: 2, Attack Type: Statistical Attack, Error: 0, Time: 0.07692217826843262, NFound: 10, Coef: 10
