Round: 1, Attack Type: Statistical Attack, Error: 0, Time: 0.06696391105651855, NFound: 10, Coef: 10
Round: 2, Attack Type: Statistical Attack, Error: 0, Time: 0.07220292091369629, NFound: 10, Coef: 10
