Round: 1, Attack Type: Statistical Attack, Error: 0, Time: 0.09995222091674805, NFound: 5, Coef: 8
Round: 2, Attack Type: Statistical Attack, Error: 0, Time: 0.1128549575805664, NFound: 10, Coef: 10
