Round: 1, Attack Type: Statistical Attack, Error: 0, Time: 0.07992696762084961, NFound: 5, Coef: 8
Round: 2, Attack Type: Statistical Attack, Error: 0, Time: 0.07928085327148438, NFound: 10, Coef: 10
