Round: 1, Attack Type: Statistical Attack, Error: 0, Time: 0.08557581901550293, NFound: 10, Coef: 10
Round: 2, Attack Type: Statistical Attack, Error: 0, Time: 0.0948331356048584, NFound: 9, Coef: 8
