Round: 1, Attack Type: Statistical Attack, Error: 0, Time: 0.07971024513244629, NFound: 5, Coef: 8
Round: 2, Attack Type: Statistical Attack, Error: 0, Time: 0.09188723564147949, NFound: 10, Coef: 10
