Round: 1, Attack Type: Statistical Attack, Error: 0, Time: 0.08487701416015625, NFound: 10, Coef: 10
Round: 2, Attack Type: Statistical Attack, Error: 0, Time: 0.09453725814819336, NFound: 10, Coef: 10
