Round: 1, Attack Type: Statistical Attack, Error: 0, Time: 0.09079623222351074, NFound: 5, Coef: 8
Round: 2, Attack Type: Statistical Attack, Error: 0, Time: 0.09304070472717285, NFound: 10, Coef: 10
