Round: 1, Attack Type: Statistical Attack, Error: 0, Time: 0.08045005798339844, NFound: 9, Coef: 8
Round: 2, Attack Type: Statistical Attack, Error: 0, Time: 0.09608602523803711, NFound: 9, Coef: 8
