Round: 1, Attack Type: Statistical Attack, Error: 0, Time: 0.08369612693786621, NFound: 5, Coef: 8
Round: 2, Attack Type: Statistical Attack, Error: 0, Time: 0.09355330467224121, NFound: 10, Coef: 10
