Round: 1, Attack Type: Statistical Attack, Error: 0, Time: 0.05782008171081543, NFound: 10, Coef: 10
Round: 2, Attack Type: Statistical Attack, Error: 0, Time: 0.06603598594665527, NFound: 10, Coef: 10
