Round: 1, Attack Type: Statistical Attack, Error: 0, Time: 0.07688593864440918, NFound: 5, Coef: 8
Round: 2, Attack Type: Statistical Attack, Error: 0, Time: 0.08965229988098145, NFound: 10, Coef: 10
