Round: 1, Attack Type: Statistical Attack, Error: 0, Time: 0.09114503860473633, NFound: 10, Coef: 10
Round: 2, Attack Type: Statistical Attack, Error: 0, Time: 0.10761499404907227, NFound: 10, Coef: 10
