Round: 1, Attack Type: Statistical Attack, Error: 0, Time: 0.08151888847351074, NFound: 10, Coef: 10
Round: 2, Attack Type: Statistical Attack, Error: 0, Time: 0.10332727432250977, NFound: 10, Coef: 10
