Round: 1, Attack Type: Statistical Attack, Error: 0, Time: 0.08952808380126953, NFound: 5, Coef: 8
Round: 2, Attack Type: Statistical Attack, Error: 0, Time: 0.10730886459350586, NFound: 10, Coef: 10
