Round: 1, Attack Type: Statistical Attack, Error: 0, Time: 0.06292486190795898, NFound: 9, Coef: 8
Round: 2, Attack Type: Statistical Attack, Error: 0, Time: 0.06350278854370117, NFound: 10, Coef: 10
