Round: 1, Attack Type: Statistical Attack, Error: 0, Time: 0.08772611618041992, NFound: 10, Coef: 10
Round: 2, Attack Type: Statistical Attack, Error: 0, Time: 0.08551287651062012, NFound: 10, Coef: 10
