Round: 1, Attack Type: Statistical Attack, Error: 0, Time: 0.07117581367492676, NFound: 5, Coef: 8
Round: 2, Attack Type: Statistical Attack, Error: 0, Time: 0.0813748836517334, NFound: 10, Coef: 10
