Round: 1, Attack Type: Statistical Attack, Error: 0, Time: 0.10751724243164062, NFound: 5, Coef: 8
Round: 2, Attack Type: Statistical Attack, Error: 0, Time: 0.11278891563415527, NFound: 10, Coef: 10
