Round: 1, Attack Type: Statistical Attack, Error: 0, Time: 0.09840106964111328, NFound: 5, Coef: 8
Round: 2, Attack Type: Statistical Attack, Error: 0, Time: 0.14971494674682617, NFound: 10, Coef: 10
