Round: 1, Attack Type: Statistical Attack, Error: 0, Time: 0.08483719825744629, NFound: 5, Coef: 8
Round: 2, Attack Type: Statistical Attack, Error: 0, Time: 0.08246874809265137, NFound: 10, Coef: 10
