Round: 1, Attack Type: Statistical Attack, Error: 0, Time: 0.08270478248596191, NFound: 5, Coef: 8
Round: 2, Attack Type: Statistical Attack, Error: 0, Time: 0.08126592636108398, NFound: 10, Coef: 10
