Round: 1, Attack Type: Statistical Attack, Error: 0, Time: 0.061901092529296875, NFound: 5, Coef: 8
Round: 2, Attack Type: Statistical Attack, Error: 0, Time: 0.06668210029602051, NFound: 10, Coef: 10
