Round: 1, Attack Type: Statistical Attack, Error: 0, Time: 0.07676911354064941, NFound: 10, Coef: 10
Round: 2, Attack Type: Statistical Attack, Error: 0, Time: 0.07962703704833984, NFound: 10, Coef: 10
