Round: 1, Attack Type: Statistical Attack, Error: 0, Time: 0.06794118881225586, NFound: 10, Coef: 10
Round: 2, Attack Type: Statistical Attack, Error: 0, Time: 0.08568692207336426, NFound: 9, Coef: 8
