Round: 1, Attack Type: Statistical Attack, Error: 0, Time: 0.07776618003845215, NFound: 5, Coef: 8
Round: 2, Attack Type: Statistical Attack, Error: 0, Time: 0.07774591445922852, NFound: 10, Coef: 10
