Round: 1, Attack Type: Statistical Attack, Error: 0, Time: 0.07957315444946289, NFound: 5, Coef: 8
Round: 2, Attack Type: Statistical Attack, Error: 0, Time: 0.09141683578491211, NFound: 10, Coef: 10
