Round: 1, Attack Type: Statistical Attack, Error: 0, Time: 0.07342195510864258, NFound: 5, Coef: 8
Round: 2, Attack Type: Statistical Attack, Error: 0, Time: 0.09136271476745605, NFound: 9, Coef: 8
