Round: 1, Attack Type: Statistical Attack, Error: 0, Time: 0.06902790069580078, NFound: 5, Coef: 8
Round: 2, Attack Type: Statistical Attack, Error: 0, Time: 0.07590508460998535, NFound: 10, Coef: 10
