Round: 1, Attack Type: Statistical Attack, Error: 0, Time: 0.09501171112060547, NFound: 5, Coef: 8
Round: 2, Attack Type: Statistical Attack, Error: 0, Time: 0.10256481170654297, NFound: 10, Coef: 10
