Round: 1, Attack Type: Statistical Attack, Error: 0, Time: 0.06672787666320801, NFound: 5, Coef: 8
Round: 2, Attack Type: Statistical Attack, Error: 0, Time: 0.06969690322875977, NFound: 10, Coef: 10
