Round: 1, Attack Type: Statistical Attack, Error: 0, Time: 0.06178879737854004, NFound: 9, Coef: 8
Round: 2, Attack Type: Statistical Attack, Error: 0, Time: 0.0647130012512207, NFound: 10, Coef: 10
