Round: 1, Attack Type: Statistical Attack, Error: 0, Time: 0.09579181671142578, NFound: 5, Coef: 8
Round: 2, Attack Type: Statistical Attack, Error: 0, Time: 0.10644912719726562, NFound: 10, Coef: 10
