Round: 1, Attack Type: Statistical Attack, Error: 0, Time: 0.15530085563659668, NFound: 5, Coef: 8
Round: 2, Attack Type: Statistical Attack, Error: 0, Time: 0.1650080680847168, NFound: 10, Coef: 10
