Round: 1, Attack Type: Statistical Attack, Error: 0, Time: 0.08084869384765625, NFound: 10, Coef: 10
Round: 2, Attack Type: Statistical Attack, Error: 0, Time: 0.08628702163696289, NFound: 10, Coef: 10
