Round: 1, Attack Type: Statistical Attack, Error: 0, Time: 0.08138489723205566, NFound: 10, Coef: 10
Round: 2, Attack Type: Statistical Attack, Error: 0, Time: 0.08382916450500488, NFound: 10, Coef: 10
