Round: 1, Attack Type: Statistical Attack, Error: 0, Time: 0.0899498462677002, NFound: 9, Coef: 8
Round: 2, Attack Type: Statistical Attack, Error: 0, Time: 0.08963990211486816, NFound: 10, Coef: 10
