Round: 1, Attack Type: Statistical Attack, Error: 0, Time: 0.06311511993408203, NFound: 5, Coef: 8
Round: 2, Attack Type: Statistical Attack, Error: 0, Time: 0.06631612777709961, NFound: 10, Coef: 10
