Round: 1, Attack Type: Statistical Attack, Error: 0, Time: 0.0673680305480957, NFound: 10, Coef: 10
Round: 2, Attack Type: Statistical Attack, Error: 0, Time: 0.08578777313232422, NFound: 10, Coef: 10
