Round: 1, Attack Type: Statistical Attack, Error: 0, Time: 0.07775282859802246, NFound: 5, Coef: 8
Round: 2, Attack Type: Statistical Attack, Error: 0, Time: 0.10071611404418945, NFound: 10, Coef: 10
