Round: 1, Attack Type: Statistical Attack, Error: 0, Time: 0.0930328369140625, NFound: 5, Coef: 8
Round: 2, Attack Type: Statistical Attack, Error: 0, Time: 0.10324811935424805, NFound: 10, Coef: 10
