Round: 1, Attack Type: Statistical Attack, Error: 0, Time: 0.0766897201538086, NFound: 10, Coef: 10
Round: 2, Attack Type: Statistical Attack, Error: 0, Time: 0.07996916770935059, NFound: 10, Coef: 10
