Round: 1, Attack Type: Statistical Attack, Error: 0, Time: 0.06578898429870605, NFound: 5, Coef: 8
Round: 2, Attack Type: Statistical Attack, Error: 0, Time: 0.0670018196105957, NFound: 10, Coef: 10
