Round: 1, Attack Type: Statistical Attack, Error: 0, Time: 0.10009908676147461, NFound: 10, Coef: 10
Round: 2, Attack Type: Statistical Attack, Error: 0, Time: 0.11035990715026855, NFound: 10, Coef: 10
