Round: 1, Attack Type: Statistical Attack, Error: 0, Time: 0.0964357852935791, NFound: 10, Coef: 10
Round: 2, Attack Type: Statistical Attack, Error: 0, Time: 0.10842704772949219, NFound: 10, Coef: 10
