Round: 1, Attack Type: Statistical Attack, Error: 0, Time: 0.10226702690124512, NFound: 10, Coef: 10
Round: 2, Attack Type: Statistical Attack, Error: 0, Time: 0.1340949535369873, NFound: 10, Coef: 10
