Round: 1, Attack Type: Statistical Attack, Error: 0, Time: 0.07413697242736816, NFound: 10, Coef: 10
Round: 2, Attack Type: Statistical Attack, Error: 0, Time: 0.0888979434967041, NFound: 10, Coef: 10
