Round: 1, Attack Type: Statistical Attack, Error: 0, Time: 0.07865476608276367, NFound: 10, Coef: 10
Round: 2, Attack Type: Statistical Attack, Error: 0, Time: 0.09111881256103516, NFound: 10, Coef: 10
