Round: 1, Attack Type: Statistical Attack, Error: 0, Time: 0.09311890602111816, NFound: 5, Coef: 8
Round: 2, Attack Type: Statistical Attack, Error: 0, Time: 0.11307382583618164, NFound: 9, Coef: 8
