Round: 1, Attack Type: Statistical Attack, Error: 0, Time: 0.09082913398742676, NFound: 5, Coef: 8
Round: 2, Attack Type: Statistical Attack, Error: 0, Time: 0.11064004898071289, NFound: 10, Coef: 10
