Round: 1, Attack Type: Statistical Attack, Error: 0, Time: 0.12461495399475098, NFound: 5, Coef: 8
Round: 2, Attack Type: Statistical Attack, Error: 0, Time: 0.11278104782104492, NFound: 10, Coef: 10
