Round: 1, Attack Type: Statistical Attack, Error: 0, Time: 0.08313965797424316, NFound: 5, Coef: 8
Round: 2, Attack Type: Statistical Attack, Error: 0, Time: 0.09344792366027832, NFound: 10, Coef: 10
