Round: 1, Attack Type: Statistical Attack, Error: 0, Time: 0.07517886161804199, NFound: 5, Coef: 8
Round: 2, Attack Type: Statistical Attack, Error: 0, Time: 0.08587908744812012, NFound: 10, Coef: 10
