Round: 1, Attack Type: Statistical Attack, Error: 0, Time: 0.09087419509887695, NFound: 5, Coef: 8
Round: 2, Attack Type: Statistical Attack, Error: 0, Time: 0.10059905052185059, NFound: 10, Coef: 10
