Round: 1, Attack Type: Statistical Attack, Error: 0, Time: 0.0712578296661377, NFound: 5, Coef: 8
Round: 2, Attack Type: Statistical Attack, Error: 0, Time: 0.08205008506774902, NFound: 10, Coef: 10
