Round: 1, Attack Type: Statistical Attack, Error: 0, Time: 0.10224008560180664, NFound: 10, Coef: 10
Round: 2, Attack Type: Statistical Attack, Error: 0, Time: 0.09936308860778809, NFound: 10, Coef: 10
