Round: 1, Attack Type: Statistical Attack, Error: 0, Time: 0.07472705841064453, NFound: 5, Coef: 8
Round: 2, Attack Type: Statistical Attack, Error: 0, Time: 0.08584904670715332, NFound: 10, Coef: 10
