Round: 1, Attack Type: Statistical Attack, Error: 0, Time: 0.07429909706115723, NFound: 5, Coef: 8
Round: 2, Attack Type: Statistical Attack, Error: 0, Time: 0.08366703987121582, NFound: 10, Coef: 10
