Round: 1, Attack Type: Statistical Attack, Error: 0, Time: 0.0633690357208252, NFound: 5, Coef: 8
Round: 2, Attack Type: Statistical Attack, Error: 0, Time: 0.06824898719787598, NFound: 10, Coef: 10
