Round: 1, Attack Type: Statistical Attack, Error: 0, Time: 0.07447600364685059, NFound: 5, Coef: 8
Round: 2, Attack Type: Statistical Attack, Error: 0, Time: 0.08666300773620605, NFound: 10, Coef: 10
