Round: 1, Attack Type: Statistical Attack, Error: 0, Time: 0.08323502540588379, NFound: 10, Coef: 10
Round: 2, Attack Type: Statistical Attack, Error: 0, Time: 0.09338998794555664, NFound: 10, Coef: 10
