Round: 1, Attack Type: Statistical Attack, Error: 0, Time: 0.07556891441345215, NFound: 5, Coef: 8
Round: 2, Attack Type: Statistical Attack, Error: 0, Time: 0.08731389045715332, NFound: 10, Coef: 10
