Round: 1, Attack Type: Statistical Attack, Error: 0, Time: 0.09127116203308105, NFound: 5, Coef: 8
Round: 2, Attack Type: Statistical Attack, Error: 0, Time: 0.09941601753234863, NFound: 10, Coef: 10
