Round: 1, Attack Type: Statistical Attack, Error: 0, Time: 0.07614922523498535, NFound: 5, Coef: 8
Round: 2, Attack Type: Statistical Attack, Error: 0, Time: 0.08192586898803711, NFound: 10, Coef: 10
