Round: 1, Attack Type: Statistical Attack, Error: 0, Time: 0.07961583137512207, NFound: 5, Coef: 8
Round: 2, Attack Type: Statistical Attack, Error: 0, Time: 0.07952260971069336, NFound: 10, Coef: 10
