Round: 1, Attack Type: Statistical Attack, Error: 0, Time: 0.0816807746887207, NFound: 5, Coef: 8
Round: 2, Attack Type: Statistical Attack, Error: 0, Time: 0.07709002494812012, NFound: 10, Coef: 10
