Round: 1, Attack Type: Statistical Attack, Error: 0, Time: 0.09566998481750488, NFound: 10, Coef: 10
Round: 2, Attack Type: Statistical Attack, Error: 0, Time: 0.09644699096679688, NFound: 10, Coef: 10
