Round: 1, Attack Type: Statistical Attack, Error: 0, Time: 0.07596802711486816, NFound: 10, Coef: 10
Round: 2, Attack Type: Statistical Attack, Error: 0, Time: 0.08360910415649414, NFound: 10, Coef: 10
