Round: 1, Attack Type: Statistical Attack, Error: 0, Time: 0.07808113098144531, NFound: 5, Coef: 8
Round: 2, Attack Type: Statistical Attack, Error: 0, Time: 0.08615565299987793, NFound: 9, Coef: 8
