Round: 1, Attack Type: Statistical Attack, Error: 0, Time: 0.08583903312683105, NFound: 5, Coef: 8
Round: 2, Attack Type: Statistical Attack, Error: 0, Time: 0.10366415977478027, NFound: 10, Coef: 10
