Round: 1, Attack Type: Statistical Attack, Error: 0, Time: 0.0731499195098877, NFound: 5, Coef: 8
Round: 2, Attack Type: Statistical Attack, Error: 0, Time: 0.08684277534484863, NFound: 9, Coef: 8
