Round: 1, Attack Type: Statistical Attack, Error: 0, Time: 0.07279801368713379, NFound: 5, Coef: 8
Round: 2, Attack Type: Statistical Attack, Error: 0, Time: 0.08433198928833008, NFound: 10, Coef: 10
