Round: 1, Attack Type: Statistical Attack, Error: 0, Time: 0.07467412948608398, NFound: 10, Coef: 10
Round: 2, Attack Type: Statistical Attack, Error: 0, Time: 0.08162164688110352, NFound: 10, Coef: 10
