Round: 1, Attack Type: Statistical Attack, Error: 0, Time: 0.07145333290100098, NFound: 5, Coef: 8
Round: 2, Attack Type: Statistical Attack, Error: 0, Time: 0.080474853515625, NFound: 10, Coef: 10
