Round: 1, Attack Type: Statistical Attack, Error: 0, Time: 0.07702302932739258, NFound: 5, Coef: 8
Round: 2, Attack Type: Statistical Attack, Error: 0, Time: 0.08713579177856445, NFound: 10, Coef: 10
