Round: 1, Attack Type: Statistical Attack, Error: 0, Time: 0.0926051139831543, NFound: 10, Coef: 10
Round: 2, Attack Type: Statistical Attack, Error: 0, Time: 0.09272503852844238, NFound: 10, Coef: 10
