Round: 1, Attack Type: Statistical Attack, Error: 0, Time: 0.07942390441894531, NFound: 5, Coef: 8
Round: 2, Attack Type: Statistical Attack, Error: 0, Time: 0.0817880630493164, NFound: 10, Coef: 10
