Round: 1, Attack Type: Statistical Attack, Error: 0, Time: 0.08055996894836426, NFound: 10, Coef: 10
Round: 2, Attack Type: Statistical Attack, Error: 0, Time: 0.08386898040771484, NFound: 10, Coef: 10
