Round: 1, Attack Type: Statistical Attack, Error: 0, Time: 0.08754706382751465, NFound: 10, Coef: 10
Round: 2, Attack Type: Statistical Attack, Error: 0, Time: 0.07863712310791016, NFound: 10, Coef: 10
