Round: 1, Attack Type: Statistical Attack, Error: 0, Time: 0.07626700401306152, NFound: 5, Coef: 8
Round: 2, Attack Type: Statistical Attack, Error: 0, Time: 0.07441997528076172, NFound: 10, Coef: 10
