Round: 1, Attack Type: Statistical Attack, Error: 0, Time: 0.07832980155944824, NFound: 5, Coef: 8
Round: 2, Attack Type: Statistical Attack, Error: 0, Time: 0.08079671859741211, NFound: 10, Coef: 10
