Round: 1, Attack Type: Statistical Attack, Error: 0, Time: 0.10012292861938477, NFound: 5, Coef: 8
Round: 2, Attack Type: Statistical Attack, Error: 0, Time: 0.1001594066619873, NFound: 10, Coef: 10
