Round: 1, Attack Type: Statistical Attack, Error: 0, Time: 0.07621192932128906, NFound: 10, Coef: 10
Round: 2, Attack Type: Statistical Attack, Error: 0, Time: 0.07797980308532715, NFound: 10, Coef: 10
