Round: 1, Attack Type: Statistical Attack, Error: 0, Time: 0.10307574272155762, NFound: 5, Coef: 8
Round: 2, Attack Type: Statistical Attack, Error: 0, Time: 0.10189986228942871, NFound: 10, Coef: 10
