Round: 1, Attack Type: Statistical Attack, Error: 0, Time: 0.06912469863891602, NFound: 10, Coef: 10
Round: 2, Attack Type: Statistical Attack, Error: 0, Time: 0.08299374580383301, NFound: 10, Coef: 10
