Round: 1, Attack Type: Statistical Attack, Error: 0, Time: 0.06546807289123535, NFound: 10, Coef: 10
Round: 2, Attack Type: Statistical Attack, Error: 0, Time: 0.0645439624786377, NFound: 10, Coef: 10
