Round: 1, Attack Type: Statistical Attack, Error: 0, Time: 0.07920694351196289, NFound: 10, Coef: 10
Round: 2, Attack Type: Statistical Attack, Error: 0, Time: 0.08114981651306152, NFound: 10, Coef: 10
