Round: 1, Attack Type: Statistical Attack, Error: 0, Time: 0.0808558464050293, NFound: 5, Coef: 8
Round: 2, Attack Type: Statistical Attack, Error: 0, Time: 0.07771587371826172, NFound: 10, Coef: 10
