Round: 1, Attack Type: Statistical Attack, Error: 0, Time: 0.07153892517089844, NFound: 5, Coef: 8
Round: 2, Attack Type: Statistical Attack, Error: 0, Time: 0.08330917358398438, NFound: 10, Coef: 10
