Round: 1, Attack Type: Statistical Attack, Error: 0, Time: 0.07392692565917969, NFound: 5, Coef: 8
Round: 2, Attack Type: Statistical Attack, Error: 0, Time: 0.09171891212463379, NFound: 10, Coef: 10
