Round: 1, Attack Type: Statistical Attack, Error: 0, Time: 0.08732318878173828, NFound: 10, Coef: 10
Round: 2, Attack Type: Statistical Attack, Error: 0, Time: 0.07430386543273926, NFound: 10, Coef: 10
