Round: 1, Attack Type: Statistical Attack, Error: 0, Time: 0.09945917129516602, NFound: 10, Coef: 10
Round: 2, Attack Type: Statistical Attack, Error: 0, Time: 0.10503125190734863, NFound: 10, Coef: 10
