Round: 1, Attack Type: Statistical Attack, Error: 0, Time: 0.11675381660461426, NFound: 10, Coef: 10
Round: 2, Attack Type: Statistical Attack, Error: 0, Time: 0.11858510971069336, NFound: 10, Coef: 10
