Round: 1, Attack Type: Statistical Attack, Error: 0, Time: 0.07970476150512695, NFound: 10, Coef: 10
Round: 2, Attack Type: Statistical Attack, Error: 0, Time: 0.08209991455078125, NFound: 10, Coef: 10
