Round: 1, Attack Type: Statistical Attack, Error: 0, Time: 0.08879494667053223, NFound: 10, Coef: 10
Round: 2, Attack Type: Statistical Attack, Error: 0, Time: 0.10982298851013184, NFound: 10, Coef: 10
