Round: 1, Attack Type: Statistical Attack, Error: 0, Time: 0.07426595687866211, NFound: 9, Coef: 8
Round: 2, Attack Type: Statistical Attack, Error: 0, Time: 0.08020496368408203, NFound: 10, Coef: 10
