Round: 1, Attack Type: Statistical Attack, Error: 0, Time: 0.06098508834838867, NFound: 5, Coef: 8
Round: 2, Attack Type: Statistical Attack, Error: 0, Time: 0.061510324478149414, NFound: 10, Coef: 10
