Round: 1, Attack Type: Statistical Attack, Error: 0, Time: 0.09453392028808594, NFound: 10, Coef: 10
Round: 2, Attack Type: Statistical Attack, Error: 0, Time: 0.12796497344970703, NFound: 10, Coef: 10
