Round: 1, Attack Type: Statistical Attack, Error: 0, Time: 0.06091189384460449, NFound: 10, Coef: 10
Round: 2, Attack Type: Statistical Attack, Error: 0, Time: 0.07085108757019043, NFound: 10, Coef: 10
