Round: 1, Attack Type: Statistical Attack, Error: 0, Time: 0.06206202507019043, NFound: 5, Coef: 8
Round: 2, Attack Type: Statistical Attack, Error: 0, Time: 0.06910586357116699, NFound: 10, Coef: 10
