Round: 1, Attack Type: Statistical Attack, Error: 0, Time: 0.06813693046569824, NFound: 5, Coef: 8
Round: 2, Attack Type: Statistical Attack, Error: 0, Time: 0.07939696311950684, NFound: 10, Coef: 10
