Round: 1, Attack Type: Statistical Attack, Error: 0, Time: 0.07898592948913574, NFound: 5, Coef: 8
Round: 2, Attack Type: Statistical Attack, Error: 0, Time: 0.08303380012512207, NFound: 10, Coef: 10
