Round: 1, Attack Type: Statistical Attack, Error: 0, Time: 0.06939387321472168, NFound: 5, Coef: 8
Round: 2, Attack Type: Statistical Attack, Error: 0, Time: 0.08098101615905762, NFound: 10, Coef: 10
