Round: 1, Attack Type: Statistical Attack, Error: 0, Time: 0.07286715507507324, NFound: 5, Coef: 8
Round: 2, Attack Type: Statistical Attack, Error: 0, Time: 0.08717799186706543, NFound: 10, Coef: 10
