Round: 1, Attack Type: Statistical Attack, Error: 0, Time: 0.06215810775756836, NFound: 5, Coef: 8
Round: 2, Attack Type: Statistical Attack, Error: 0, Time: 0.07002806663513184, NFound: 10, Coef: 10
