Round: 1, Attack Type: Statistical Attack, Error: 0, Time: 0.07976818084716797, NFound: 5, Coef: 8
Round: 2, Attack Type: Statistical Attack, Error: 0, Time: 0.08907008171081543, NFound: 10, Coef: 10
