Round: 1, Attack Type: Statistical Attack, Error: 0, Time: 0.08176302909851074, NFound: 5, Coef: 8
Round: 2, Attack Type: Statistical Attack, Error: 0, Time: 0.08725309371948242, NFound: 10, Coef: 10
