Round: 1, Attack Type: Statistical Attack, Error: 0, Time: 0.07642078399658203, NFound: 5, Coef: 8
Round: 2, Attack Type: Statistical Attack, Error: 0, Time: 0.08160996437072754, NFound: 10, Coef: 10
