Round: 1, Attack Type: Statistical Attack, Error: 0, Time: 0.06158304214477539, NFound: 5, Coef: 8
Round: 2, Attack Type: Statistical Attack, Error: 0, Time: 0.06763124465942383, NFound: 10, Coef: 10
