Round: 1, Attack Type: Statistical Attack, Error: 0, Time: 0.07131314277648926, NFound: 5, Coef: 8
Round: 2, Attack Type: Statistical Attack, Error: 0, Time: 0.08022618293762207, NFound: 10, Coef: 10
