Round: 1, Attack Type: Statistical Attack, Error: 0, Time: 0.07437515258789062, NFound: 5, Coef: 8
Round: 2, Attack Type: Statistical Attack, Error: 0, Time: 0.08714008331298828, NFound: 10, Coef: 10
