Round: 1, Attack Type: Statistical Attack, Error: 0, Time: 0.06582021713256836, NFound: 5, Coef: 8
Round: 2, Attack Type: Statistical Attack, Error: 0, Time: 0.07688713073730469, NFound: 10, Coef: 10
