Round: 1, Attack Type: Statistical Attack, Error: 0, Time: 0.12632989883422852, NFound: 5, Coef: 8
Round: 2, Attack Type: Statistical Attack, Error: 0, Time: 0.14732694625854492, NFound: 10, Coef: 10
