Round: 1, Attack Type: Statistical Attack, Error: 0, Time: 0.06871175765991211, NFound: 5, Coef: 8
Round: 2, Attack Type: Statistical Attack, Error: 0, Time: 0.08049988746643066, NFound: 10, Coef: 10
