Round: 1, Attack Type: Statistical Attack, Error: 0, Time: 0.07456302642822266, NFound: 5, Coef: 8
Round: 2, Attack Type: Statistical Attack, Error: 0, Time: 0.08740782737731934, NFound: 10, Coef: 10
