Round: 1, Attack Type: Statistical Attack, Error: 0, Time: 0.08216118812561035, NFound: 10, Coef: 10
Round: 2, Attack Type: Statistical Attack, Error: 0, Time: 0.08796000480651855, NFound: 10, Coef: 10
