Round: 1, Attack Type: Statistical Attack, Error: 0, Time: 0.08064627647399902, NFound: 5, Coef: 8
Round: 2, Attack Type: Statistical Attack, Error: 0, Time: 0.09022188186645508, NFound: 10, Coef: 10
