Round: 1, Attack Type: Statistical Attack, Error: 0, Time: 0.10870099067687988, NFound: 5, Coef: 8
Round: 2, Attack Type: Statistical Attack, Error: 0, Time: 0.10909724235534668, NFound: 9, Coef: 8
