Round: 1, Attack Type: Statistical Attack, Error: 0, Time: 0.06976485252380371, NFound: 10, Coef: 10
Round: 2, Attack Type: Statistical Attack, Error: 0, Time: 0.07839322090148926, NFound: 10, Coef: 10
