Round: 1, Attack Type: Statistical Attack, Error: 0, Time: 0.07314395904541016, NFound: 10, Coef: 10
Round: 2, Attack Type: Statistical Attack, Error: 0, Time: 0.09547805786132812, NFound: 10, Coef: 10
