Round: 1, Attack Type: Statistical Attack, Error: 0, Time: 0.06380295753479004, NFound: 10, Coef: 10
Round: 2, Attack Type: Statistical Attack, Error: 0, Time: 0.0724189281463623, NFound: 10, Coef: 10
