Round: 1, Attack Type: Statistical Attack, Error: 0, Time: 0.08844590187072754, NFound: 5, Coef: 8
Round: 2, Attack Type: Statistical Attack, Error: 0, Time: 0.09245991706848145, NFound: 10, Coef: 10
