Round: 1, Attack Type: Statistical Attack, Error: 0, Time: 0.07159876823425293, NFound: 10, Coef: 10
Round: 2, Attack Type: Statistical Attack, Error: 0, Time: 0.09585809707641602, NFound: 10, Coef: 10
