Round: 1, Attack Type: Statistical Attack, Error: 0, Time: 0.07531404495239258, NFound: 5, Coef: 8
Round: 2, Attack Type: Statistical Attack, Error: 0, Time: 0.08021092414855957, NFound: 10, Coef: 10
