Round: 1, Attack Type: Statistical Attack, Error: 0, Time: 0.08974599838256836, NFound: 10, Coef: 10
Round: 2, Attack Type: Statistical Attack, Error: 0, Time: 0.10395216941833496, NFound: 10, Coef: 10
