Round: 1, Attack Type: Statistical Attack, Error: 0, Time: 0.07924771308898926, NFound: 5, Coef: 8
Round: 2, Attack Type: Statistical Attack, Error: 0, Time: 0.08344912528991699, NFound: 10, Coef: 10
