Round: 1, Attack Type: Statistical Attack, Error: 0, Time: 0.07840514183044434, NFound: 5, Coef: 8
Round: 2, Attack Type: Statistical Attack, Error: 0, Time: 0.0775761604309082, NFound: 10, Coef: 10
