Round: 1, Attack Type: Statistical Attack, Error: 0, Time: 0.07433128356933594, NFound: 10, Coef: 10
Round: 2, Attack Type: Statistical Attack, Error: 0, Time: 0.086334228515625, NFound: 10, Coef: 10
