Round: 1, Attack Type: Statistical Attack, Error: 0, Time: 0.1217339038848877, NFound: 10, Coef: 10
Round: 2, Attack Type: Statistical Attack, Error: 0, Time: 0.14293813705444336, NFound: 10, Coef: 10
