Round: 1, Attack Type: Statistical Attack, Error: 0, Time: 0.05590510368347168, NFound: 10, Coef: 10
Round: 2, Attack Type: Statistical Attack, Error: 0, Time: 0.06445693969726562, NFound: 10, Coef: 10
