Round: 1, Attack Type: Statistical Attack, Error: 0, Time: 0.08771395683288574, NFound: 5, Coef: 8
Round: 2, Attack Type: Statistical Attack, Error: 0, Time: 0.11005806922912598, NFound: 10, Coef: 10
