Round: 1, Attack Type: Statistical Attack, Error: 0, Time: 0.10291790962219238, NFound: 10, Coef: 10
Round: 2, Attack Type: Statistical Attack, Error: 0, Time: 0.12734675407409668, NFound: 10, Coef: 10
