Round: 1, Attack Type: Statistical Attack, Error: 0, Time: 0.09378385543823242, NFound: 10, Coef: 10
Round: 2, Attack Type: Statistical Attack, Error: 0, Time: 0.1347949504852295, NFound: 10, Coef: 10
