Round: 1, Attack Type: Statistical Attack, Error: 0, Time: 0.07285404205322266, NFound: 10, Coef: 10
Round: 2, Attack Type: Statistical Attack, Error: 0, Time: 0.07998895645141602, NFound: 10, Coef: 10
