Round: 1, Attack Type: Statistical Attack, Error: 0, Time: 0.10570096969604492, NFound: 10, Coef: 10
Round: 2, Attack Type: Statistical Attack, Error: 0, Time: 0.10338187217712402, NFound: 10, Coef: 10
