Round: 1, Attack Type: Statistical Attack, Error: 0, Time: 0.09583163261413574, NFound: 5, Coef: 8
Round: 2, Attack Type: Statistical Attack, Error: 0, Time: 0.09949779510498047, NFound: 10, Coef: 10
