Round: 1, Attack Type: Statistical Attack, Error: 0, Time: 0.09772372245788574, NFound: 10, Coef: 10
Round: 2, Attack Type: Statistical Attack, Error: 0, Time: 0.10874295234680176, NFound: 10, Coef: 10
