Round: 1, Attack Type: Statistical Attack, Error: 0, Time: 0.08009195327758789, NFound: 5, Coef: 8
Round: 2, Attack Type: Statistical Attack, Error: 0, Time: 0.0890359878540039, NFound: 9, Coef: 8
