Round: 1, Attack Type: Statistical Attack, Error: 0, Time: 0.0942831039428711, NFound: 10, Coef: 10
Round: 2, Attack Type: Statistical Attack, Error: 0, Time: 0.10640692710876465, NFound: 10, Coef: 10
