Round: 1, Attack Type: Statistical Attack, Error: 0, Time: 0.07573819160461426, NFound: 5, Coef: 8
Round: 2, Attack Type: Statistical Attack, Error: 0, Time: 0.08139705657958984, NFound: 10, Coef: 10
