Round: 1, Attack Type: Statistical Attack, Error: 0, Time: 0.06411099433898926, NFound: 5, Coef: 8
Round: 2, Attack Type: Statistical Attack, Error: 0, Time: 0.062172889709472656, NFound: 10, Coef: 10
