Round: 1, Attack Type: Statistical Attack, Error: 0, Time: 0.07854890823364258, NFound: 5, Coef: 8
Round: 2, Attack Type: Statistical Attack, Error: 0, Time: 0.09825301170349121, NFound: 10, Coef: 10
