Round: 1, Attack Type: Statistical Attack, Error: 0, Time: 0.07251620292663574, NFound: 5, Coef: 8
Round: 2, Attack Type: Statistical Attack, Error: 0, Time: 0.07753396034240723, NFound: 10, Coef: 10
