Round: 1, Attack Type: Statistical Attack, Error: 0, Time: 0.0786752700805664, NFound: 10, Coef: 10
Round: 2, Attack Type: Statistical Attack, Error: 0, Time: 0.08250212669372559, NFound: 10, Coef: 10
