Round: 1, Attack Type: Statistical Attack, Error: 0, Time: 0.07765507698059082, NFound: 10, Coef: 10
Round: 2, Attack Type: Statistical Attack, Error: 0, Time: 0.08532905578613281, NFound: 10, Coef: 10
