Round: 1, Attack Type: Statistical Attack, Error: 0, Time: 0.06940507888793945, NFound: 5, Coef: 8
Round: 2, Attack Type: Statistical Attack, Error: 0, Time: 0.08129310607910156, NFound: 10, Coef: 10
