Round: 1, Attack Type: Statistical Attack, Error: 0, Time: 0.0785069465637207, NFound: 5, Coef: 8
Round: 2, Attack Type: Statistical Attack, Error: 0, Time: 0.0832669734954834, NFound: 10, Coef: 10
