Round: 1, Attack Type: Statistical Attack, Error: 0, Time: 0.07115912437438965, NFound: 5, Coef: 8
Round: 2, Attack Type: Statistical Attack, Error: 0, Time: 0.07782196998596191, NFound: 9, Coef: 8
