Round: 1, Attack Type: Statistical Attack, Error: 0, Time: 0.07103610038757324, NFound: 10, Coef: 10
Round: 2, Attack Type: Statistical Attack, Error: 0, Time: 0.08068084716796875, NFound: 10, Coef: 10
