Round: 1, Attack Type: Statistical Attack, Error: 0, Time: 0.06535816192626953, NFound: 5, Coef: 8
Round: 2, Attack Type: Statistical Attack, Error: 0, Time: 0.07234907150268555, NFound: 10, Coef: 10
