Round: 1, Attack Type: Statistical Attack, Error: 0, Time: 0.07781100273132324, NFound: 5, Coef: 8
Round: 2, Attack Type: Statistical Attack, Error: 0, Time: 0.08835697174072266, NFound: 10, Coef: 10
