Round: 1, Attack Type: Statistical Attack, Error: 0, Time: 0.13184094429016113, NFound: 5, Coef: 8
Round: 2, Attack Type: Statistical Attack, Error: 0, Time: 0.1295018196105957, NFound: 10, Coef: 10
