Round: 1, Attack Type: Statistical Attack, Error: 0, Time: 0.09602832794189453, NFound: 10, Coef: 10
Round: 2, Attack Type: Statistical Attack, Error: 0, Time: 0.09956002235412598, NFound: 10, Coef: 10
