Round: 1, Attack Type: Statistical Attack, Error: 0, Time: 0.06915473937988281, NFound: 10, Coef: 10
Round: 2, Attack Type: Statistical Attack, Error: 0, Time: 0.0811762809753418, NFound: 10, Coef: 10
