Round: 1, Attack Type: Statistical Attack, Error: 0, Time: 0.09082698822021484, NFound: 10, Coef: 10
Round: 2, Attack Type: Statistical Attack, Error: 0, Time: 0.08497262001037598, NFound: 10, Coef: 10
