Round: 1, Attack Type: Statistical Attack, Error: 0, Time: 0.06763815879821777, NFound: 5, Coef: 8
Round: 2, Attack Type: Statistical Attack, Error: 0, Time: 0.08237600326538086, NFound: 10, Coef: 10
