Round: 1, Attack Type: Statistical Attack, Error: 0, Time: 0.0715939998626709, NFound: 5, Coef: 8
Round: 2, Attack Type: Statistical Attack, Error: 0, Time: 0.07988214492797852, NFound: 10, Coef: 10
