Round: 1, Attack Type: Statistical Attack, Error: 0, Time: 0.062413930892944336, NFound: 10, Coef: 10
Round: 2, Attack Type: Statistical Attack, Error: 0, Time: 0.06890606880187988, NFound: 9, Coef: 8
