Round: 1, Attack Type: Statistical Attack, Error: 0, Time: 0.06235384941101074, NFound: 5, Coef: 8
Round: 2, Attack Type: Statistical Attack, Error: 0, Time: 0.06940698623657227, NFound: 10, Coef: 10
