Round: 1, Attack Type: Statistical Attack, Error: 0, Time: 0.06981515884399414, NFound: 5, Coef: 8
Round: 2, Attack Type: Statistical Attack, Error: 0, Time: 0.08052706718444824, NFound: 10, Coef: 10
