Round: 1, Attack Type: Statistical Attack, Error: 0, Time: 0.08741188049316406, NFound: 5, Coef: 8
Round: 2, Attack Type: Statistical Attack, Error: 0, Time: 0.16178202629089355, NFound: 10, Coef: 10
