Round: 1, Attack Type: Statistical Attack, Error: 0, Time: 0.06562995910644531, NFound: 5, Coef: 8
Round: 2, Attack Type: Statistical Attack, Error: 0, Time: 0.06472611427307129, NFound: 10, Coef: 10
