Round: 1, Attack Type: Statistical Attack, Error: 0, Time: 0.06900715827941895, NFound: 5, Coef: 8
Round: 2, Attack Type: Statistical Attack, Error: 0, Time: 0.08202886581420898, NFound: 10, Coef: 10
