Round: 1, Attack Type: Statistical Attack, Error: 0, Time: 0.056311845779418945, NFound: 10, Coef: 10
Round: 2, Attack Type: Statistical Attack, Error: 0, Time: 0.0650947093963623, NFound: 10, Coef: 10
