Round: 1, Attack Type: Statistical Attack, Error: 0, Time: 0.07819795608520508, NFound: 5, Coef: 8
Round: 2, Attack Type: Statistical Attack, Error: 0, Time: 0.0803370475769043, NFound: 10, Coef: 10
