Round: 1, Attack Type: Statistical Attack, Error: 0, Time: 0.07041501998901367, NFound: 10, Coef: 10
Round: 2, Attack Type: Statistical Attack, Error: 0, Time: 0.08288097381591797, NFound: 10, Coef: 10
