Round: 1, Attack Type: Statistical Attack, Error: 0, Time: 0.10120105743408203, NFound: 5, Coef: 8
Round: 2, Attack Type: Statistical Attack, Error: 0, Time: 0.11821675300598145, NFound: 10, Coef: 10
