Round: 1, Attack Type: Statistical Attack, Error: 0, Time: 0.0759890079498291, NFound: 5, Coef: 8
Round: 2, Attack Type: Statistical Attack, Error: 0, Time: 0.07837581634521484, NFound: 10, Coef: 10
