Round: 1, Attack Type: Statistical Attack, Error: 0, Time: 0.08036684989929199, NFound: 10, Coef: 10
Round: 2, Attack Type: Statistical Attack, Error: 0, Time: 0.0744791030883789, NFound: 10, Coef: 10
