Round: 1, Attack Type: Statistical Attack, Error: 0, Time: 0.09256601333618164, NFound: 5, Coef: 8
Round: 2, Attack Type: Statistical Attack, Error: 0, Time: 0.09938788414001465, NFound: 10, Coef: 10
