Round: 1, Attack Type: Statistical Attack, Error: 0, Time: 0.07782292366027832, NFound: 5, Coef: 8
Round: 2, Attack Type: Statistical Attack, Error: 0, Time: 0.08182382583618164, NFound: 10, Coef: 10
