Round: 1, Attack Type: Statistical Attack, Error: 0, Time: 0.10058307647705078, NFound: 5, Coef: 8
Round: 2, Attack Type: Statistical Attack, Error: 0, Time: 0.10755085945129395, NFound: 10, Coef: 10
