Round: 1, Attack Type: Statistical Attack, Error: 0, Time: 0.07762598991394043, NFound: 9, Coef: 8
Round: 2, Attack Type: Statistical Attack, Error: 0, Time: 0.09330606460571289, NFound: 9, Coef: 8
