Round: 1, Attack Type: Statistical Attack, Error: 0, Time: 0.06847500801086426, NFound: 10, Coef: 10
Round: 2, Attack Type: Statistical Attack, Error: 0, Time: 0.13053202629089355, NFound: 9, Coef: 8
