Round: 1, Attack Type: Statistical Attack, Error: 0, Time: 0.06367063522338867, NFound: 5, Coef: 8
Round: 2, Attack Type: Statistical Attack, Error: 0, Time: 0.06067490577697754, NFound: 10, Coef: 10
