Round: 1, Attack Type: Statistical Attack, Error: 0, Time: 0.10746121406555176, NFound: 5, Coef: 8
Round: 2, Attack Type: Statistical Attack, Error: 0, Time: 0.11028003692626953, NFound: 10, Coef: 10
