Round: 1, Attack Type: Statistical Attack, Error: 0, Time: 0.07407903671264648, NFound: 5, Coef: 8
Round: 2, Attack Type: Statistical Attack, Error: 0, Time: 0.07558703422546387, NFound: 10, Coef: 10
