Round: 1, Attack Type: Statistical Attack, Error: 0, Time: 0.11143708229064941, NFound: 5, Coef: 8
Round: 2, Attack Type: Statistical Attack, Error: 0, Time: 0.21377992630004883, NFound: 10, Coef: 10
