Round: 1, Attack Type: Statistical Attack, Error: 0, Time: 0.07546615600585938, NFound: 10, Coef: 10
Round: 2, Attack Type: Statistical Attack, Error: 0, Time: 0.08609890937805176, NFound: 10, Coef: 10
