Round: 1, Attack Type: Statistical Attack, Error: 0, Time: 0.08985590934753418, NFound: 10, Coef: 10
Round: 2, Attack Type: Statistical Attack, Error: 0, Time: 0.09759879112243652, NFound: 10, Coef: 10
