Round: 1, Attack Type: Statistical Attack, Error: 0, Time: 0.0729672908782959, NFound: 10, Coef: 10
Round: 2, Attack Type: Statistical Attack, Error: 0, Time: 0.08687591552734375, NFound: 10, Coef: 10
