Round: 1, Attack Type: Statistical Attack, Error: 0, Time: 0.09156203269958496, NFound: 5, Coef: 8
Round: 2, Attack Type: Statistical Attack, Error: 0, Time: 0.11018490791320801, NFound: 10, Coef: 10
