Round: 1, Attack Type: Statistical Attack, Error: 0, Time: 0.060089111328125, NFound: 10, Coef: 10
Round: 2, Attack Type: Statistical Attack, Error: 0, Time: 0.06848669052124023, NFound: 10, Coef: 10
