Round: 1, Attack Type: Statistical Attack, Error: 0, Time: 0.0847330093383789, NFound: 5, Coef: 8
Round: 2, Attack Type: Statistical Attack, Error: 0, Time: 0.09093403816223145, NFound: 10, Coef: 10
