Round: 1, Attack Type: Statistical Attack, Error: 0, Time: 0.09364914894104004, NFound: 10, Coef: 10
Round: 2, Attack Type: Statistical Attack, Error: 0, Time: 0.09971189498901367, NFound: 10, Coef: 10
