Round: 1, Attack Type: Statistical Attack, Error: 0, Time: 0.07411599159240723, NFound: 10, Coef: 10
Round: 2, Attack Type: Statistical Attack, Error: 0, Time: 0.07507729530334473, NFound: 10, Coef: 10
