Round: 1, Attack Type: Statistical Attack, Error: 0, Time: 0.1043858528137207, NFound: 0, Coef: 4
Round: 2, Attack Type: Statistical Attack, Error: 0, Time: 0.07886004447937012, NFound: 1, Coef: 3
