Round: 1, Attack Type: Statistical Attack, Error: 0, Time: 0.0914919376373291, NFound: 5, Coef: 8
Round: 2, Attack Type: Statistical Attack, Error: 0, Time: 0.09647893905639648, NFound: 10, Coef: 10
