Round: 1, Attack Type: Statistical Attack, Error: 0, Time: 0.07780790328979492, NFound: 5, Coef: 8
Round: 2, Attack Type: Statistical Attack, Error: 0, Time: 0.08544611930847168, NFound: 10, Coef: 10
