Round: 1, Attack Type: Statistical Attack, Error: 0, Time: 0.06538796424865723, NFound: 5, Coef: 8
Round: 2, Attack Type: Statistical Attack, Error: 0, Time: 0.07823920249938965, NFound: 10, Coef: 10
