Round: 1, Attack Type: Statistical Attack, Error: 0, Time: 0.07300925254821777, NFound: 10, Coef: 10
Round: 2, Attack Type: Statistical Attack, Error: 0, Time: 0.07807111740112305, NFound: 9, Coef: 8
