Round: 1, Attack Type: Statistical Attack, Error: 0, Time: 0.07723402976989746, NFound: 5, Coef: 8
Round: 2, Attack Type: Statistical Attack, Error: 0, Time: 0.08197617530822754, NFound: 10, Coef: 10
