Round: 1, Attack Type: Statistical Attack, Error: 0, Time: 0.0726170539855957, NFound: 10, Coef: 10
Round: 2, Attack Type: Statistical Attack, Error: 0, Time: 0.08443903923034668, NFound: 10, Coef: 10
