Round: 1, Attack Type: Statistical Attack, Error: 0, Time: 0.07764196395874023, NFound: 5, Coef: 8
Round: 2, Attack Type: Statistical Attack, Error: 0, Time: 0.0795440673828125, NFound: 10, Coef: 10
