Round: 1, Attack Type: Statistical Attack, Error: 0, Time: 0.10100102424621582, NFound: 5, Coef: 8
Round: 2, Attack Type: Statistical Attack, Error: 0, Time: 0.13137412071228027, NFound: 10, Coef: 10
