Round: 1, Attack Type: Statistical Attack, Error: 0, Time: 0.07334303855895996, NFound: 9, Coef: 8
Round: 2, Attack Type: Statistical Attack, Error: 0, Time: 0.08116698265075684, NFound: 10, Coef: 10
