Round: 1, Attack Type: Statistical Attack, Error: 0, Time: 0.09810090065002441, NFound: 10, Coef: 10
Round: 2, Attack Type: Statistical Attack, Error: 0, Time: 0.14162588119506836, NFound: 10, Coef: 10
