Round: 1, Attack Type: Statistical Attack, Error: 0, Time: 0.08273673057556152, NFound: 10, Coef: 10
Round: 2, Attack Type: Statistical Attack, Error: 0, Time: 0.08171391487121582, NFound: 10, Coef: 10
