Round: 1, Attack Type: Statistical Attack, Error: 0, Time: 0.08863687515258789, NFound: 10, Coef: 10
Round: 2, Attack Type: Statistical Attack, Error: 0, Time: 0.11829185485839844, NFound: 10, Coef: 10
