Round: 1, Attack Type: Statistical Attack, Error: 0, Time: 0.10839605331420898, NFound: 10, Coef: 10
Round: 2, Attack Type: Statistical Attack, Error: 0, Time: 0.11517024040222168, NFound: 10, Coef: 10
