Round: 1, Attack Type: Statistical Attack, Error: 0, Time: 0.06889891624450684, NFound: 5, Coef: 8
Round: 2, Attack Type: Statistical Attack, Error: 0, Time: 0.08054876327514648, NFound: 10, Coef: 10
