Round: 1, Attack Type: Statistical Attack, Error: 0, Time: 0.0867161750793457, NFound: 5, Coef: 8
Round: 2, Attack Type: Statistical Attack, Error: 0, Time: 0.08678483963012695, NFound: 10, Coef: 10
