Round: 1, Attack Type: Statistical Attack, Error: 0, Time: 0.07851576805114746, NFound: 9, Coef: 8
Round: 2, Attack Type: Statistical Attack, Error: 0, Time: 0.07987403869628906, NFound: 10, Coef: 10
