Round: 1, Attack Type: Statistical Attack, Error: 0, Time: 0.07809591293334961, NFound: 5, Coef: 8
Round: 2, Attack Type: Statistical Attack, Error: 0, Time: 0.0791480541229248, NFound: 10, Coef: 10
