Round: 1, Attack Type: Statistical Attack, Error: 0, Time: 0.07033300399780273, NFound: 10, Coef: 10
Round: 2, Attack Type: Statistical Attack, Error: 0, Time: 0.07736802101135254, NFound: 10, Coef: 10
