Round: 1, Attack Type: Statistical Attack, Error: 0, Time: 0.09997725486755371, NFound: 10, Coef: 10
Round: 2, Attack Type: Statistical Attack, Error: 0, Time: 0.10473489761352539, NFound: 10, Coef: 10
