Round: 1, Attack Type: Statistical Attack, Error: 0, Time: 0.08037519454956055, NFound: 10, Coef: 10
Round: 2, Attack Type: Statistical Attack, Error: 0, Time: 0.08744692802429199, NFound: 10, Coef: 10
