Round: 1, Attack Type: Statistical Attack, Error: 0, Time: 0.0891110897064209, NFound: 5, Coef: 8
Round: 2, Attack Type: Statistical Attack, Error: 0, Time: 0.09747791290283203, NFound: 10, Coef: 10
