Round: 1, Attack Type: Statistical Attack, Error: 0, Time: 0.08896899223327637, NFound: 10, Coef: 10
Round: 2, Attack Type: Statistical Attack, Error: 0, Time: 0.08210897445678711, NFound: 10, Coef: 10
