Round: 1, Attack Type: Statistical Attack, Error: 0, Time: 0.12598085403442383, NFound: 5, Coef: 8
Round: 2, Attack Type: Statistical Attack, Error: 0, Time: 0.13320016860961914, NFound: 10, Coef: 10
