Round: 1, Attack Type: Statistical Attack, Error: 0, Time: 0.07338500022888184, NFound: 10, Coef: 10
Round: 2, Attack Type: Statistical Attack, Error: 0, Time: 0.07816481590270996, NFound: 10, Coef: 10
