Round: 1, Attack Type: Statistical Attack, Error: 0, Time: 0.07991695404052734, NFound: 5, Coef: 8
Round: 2, Attack Type: Statistical Attack, Error: 0, Time: 0.0811760425567627, NFound: 10, Coef: 10
