Round: 1, Attack Type: Statistical Attack, Error: 0, Time: 0.07251191139221191, NFound: 5, Coef: 8
Round: 2, Attack Type: Statistical Attack, Error: 0, Time: 0.08132815361022949, NFound: 10, Coef: 10
