Round: 1, Attack Type: Statistical Attack, Error: 0, Time: 0.05963897705078125, NFound: 5, Coef: 8
Round: 2, Attack Type: Statistical Attack, Error: 0, Time: 0.06359410285949707, NFound: 10, Coef: 10
