Round: 1, Attack Type: Statistical Attack, Error: 0, Time: 0.08332490921020508, NFound: 5, Coef: 8
Round: 2, Attack Type: Statistical Attack, Error: 0, Time: 0.08281588554382324, NFound: 10, Coef: 10
