Round: 1, Attack Type: Statistical Attack, Error: 0, Time: 0.09885597229003906, NFound: 5, Coef: 8
Round: 2, Attack Type: Statistical Attack, Error: 0, Time: 0.10643792152404785, NFound: 10, Coef: 10
