Round: 1, Attack Type: Statistical Attack, Error: 0, Time: 0.07144713401794434, NFound: 10, Coef: 10
Round: 2, Attack Type: Statistical Attack, Error: 0, Time: 0.09194707870483398, NFound: 10, Coef: 10
