Round: 1, Attack Type: Statistical Attack, Error: 0, Time: 0.07143974304199219, NFound: 5, Coef: 8
Round: 2, Attack Type: Statistical Attack, Error: 0, Time: 0.08628177642822266, NFound: 10, Coef: 10
