Round: 1, Attack Type: Statistical Attack, Error: 0, Time: 0.07648301124572754, NFound: 10, Coef: 10
Round: 2, Attack Type: Statistical Attack, Error: 0, Time: 0.07837581634521484, NFound: 10, Coef: 10
