Round: 1, Attack Type: Statistical Attack, Error: 0, Time: 0.07629203796386719, NFound: 10, Coef: 10
Round: 2, Attack Type: Statistical Attack, Error: 0, Time: 0.08720731735229492, NFound: 10, Coef: 10
