Round: 1, Attack Type: Statistical Attack, Error: 0, Time: 0.0729069709777832, NFound: 10, Coef: 10
Round: 2, Attack Type: Statistical Attack, Error: 0, Time: 0.08429384231567383, NFound: 10, Coef: 10
