Round: 1, Attack Type: Statistical Attack, Error: 0, Time: 0.08501815795898438, NFound: 5, Coef: 8
Round: 2, Attack Type: Statistical Attack, Error: 0, Time: 0.10813188552856445, NFound: 10, Coef: 10
