Round: 1, Attack Type: Statistical Attack, Error: 0, Time: 0.0926368236541748, NFound: 5, Coef: 8
Round: 2, Attack Type: Statistical Attack, Error: 0, Time: 0.09793400764465332, NFound: 10, Coef: 10
