Round: 1, Attack Type: Statistical Attack, Error: 0, Time: 0.10604286193847656, NFound: 10, Coef: 10
Round: 2, Attack Type: Statistical Attack, Error: 0, Time: 0.11252784729003906, NFound: 10, Coef: 10
