Round: 1, Attack Type: Statistical Attack, Error: 0, Time: 0.07570886611938477, NFound: 10, Coef: 10
Round: 2, Attack Type: Statistical Attack, Error: 0, Time: 0.07996606826782227, NFound: 10, Coef: 10
