Round: 1, Attack Type: Statistical Attack, Error: 0, Time: 0.09068703651428223, NFound: 5, Coef: 8
Round: 2, Attack Type: Statistical Attack, Error: 0, Time: 0.10227489471435547, NFound: 10, Coef: 10
