Round: 1, Attack Type: Statistical Attack, Error: 0, Time: 0.06775236129760742, NFound: 5, Coef: 8
Round: 2, Attack Type: Statistical Attack, Error: 0, Time: 0.07370615005493164, NFound: 10, Coef: 10
