Round: 1, Attack Type: Statistical Attack, Error: 0, Time: 0.0738530158996582, NFound: 5, Coef: 8
Round: 2, Attack Type: Statistical Attack, Error: 0, Time: 0.08006715774536133, NFound: 10, Coef: 10
