Round: 1, Attack Type: Statistical Attack, Error: 0, Time: 0.07031393051147461, NFound: 5, Coef: 8
Round: 2, Attack Type: Statistical Attack, Error: 0, Time: 0.08073711395263672, NFound: 10, Coef: 10
