Round: 1, Attack Type: Statistical Attack, Error: 0, Time: 0.08401107788085938, NFound: 5, Coef: 8
Round: 2, Attack Type: Statistical Attack, Error: 0, Time: 0.09332895278930664, NFound: 10, Coef: 10
