Round: 1, Attack Type: Statistical Attack, Error: 0, Time: 0.0796201229095459, NFound: 5, Coef: 8
Round: 2, Attack Type: Statistical Attack, Error: 0, Time: 0.08595609664916992, NFound: 10, Coef: 10
