Round: 1, Attack Type: Statistical Attack, Error: 0, Time: 0.11768603324890137, NFound: 10, Coef: 10
Round: 2, Attack Type: Statistical Attack, Error: 0, Time: 0.10141181945800781, NFound: 10, Coef: 10
