Round: 1, Attack Type: Statistical Attack, Error: 0, Time: 0.07398486137390137, NFound: 10, Coef: 10
Round: 2, Attack Type: Statistical Attack, Error: 0, Time: 0.08938717842102051, NFound: 10, Coef: 10
