Round: 1, Attack Type: Statistical Attack, Error: 0, Time: 0.0804286003112793, NFound: 10, Coef: 10
Round: 2, Attack Type: Statistical Attack, Error: 0, Time: 0.09058690071105957, NFound: 9, Coef: 8
