Round: 1, Attack Type: Statistical Attack, Error: 0, Time: 0.060343027114868164, NFound: 5, Coef: 8
Round: 2, Attack Type: Statistical Attack, Error: 0, Time: 0.0662848949432373, NFound: 10, Coef: 10
