Round: 1, Attack Type: Statistical Attack, Error: 0, Time: 0.07937383651733398, NFound: 10, Coef: 10
Round: 2, Attack Type: Statistical Attack, Error: 0, Time: 0.08228087425231934, NFound: 10, Coef: 10
