Round: 1, Attack Type: Statistical Attack, Error: 0, Time: 0.0952920913696289, NFound: 5, Coef: 8
Round: 2, Attack Type: Statistical Attack, Error: 0, Time: 0.10451006889343262, NFound: 9, Coef: 8
