Round: 1, Attack Type: Statistical Attack, Error: 0, Time: 0.0766139030456543, NFound: 5, Coef: 8
Round: 2, Attack Type: Statistical Attack, Error: 0, Time: 0.07907676696777344, NFound: 10, Coef: 10
