Round: 1, Attack Type: Statistical Attack, Error: 0, Time: 0.09684109687805176, NFound: 5, Coef: 8
Round: 2, Attack Type: Statistical Attack, Error: 0, Time: 0.1120157241821289, NFound: 10, Coef: 10
