Round: 1, Attack Type: Statistical Attack, Error: 0, Time: 0.08246111869812012, NFound: 10, Coef: 10
Round: 2, Attack Type: Statistical Attack, Error: 0, Time: 0.08547496795654297, NFound: 10, Coef: 10
