Round: 1, Attack Type: Statistical Attack, Error: 0, Time: 0.10703301429748535, NFound: 10, Coef: 10
Round: 2, Attack Type: Statistical Attack, Error: 0, Time: 0.10828971862792969, NFound: 10, Coef: 10
