Round: 1, Attack Type: Statistical Attack, Error: 0, Time: 0.07706594467163086, NFound: 10, Coef: 10
Round: 2, Attack Type: Statistical Attack, Error: 0, Time: 0.07891297340393066, NFound: 10, Coef: 10
