Round: 1, Attack Type: Statistical Attack, Error: 0, Time: 0.0605618953704834, NFound: 5, Coef: 8
Round: 2, Attack Type: Statistical Attack, Error: 0, Time: 0.06479287147521973, NFound: 10, Coef: 10
