Round: 1, Attack Type: Statistical Attack, Error: 0, Time: 0.0933539867401123, NFound: 5, Coef: 8
Round: 2, Attack Type: Statistical Attack, Error: 0, Time: 0.08725619316101074, NFound: 10, Coef: 10
