Round: 1, Attack Type: Statistical Attack, Error: 0, Time: 0.0960988998413086, NFound: 10, Coef: 10
Round: 2, Attack Type: Statistical Attack, Error: 0, Time: 0.10408806800842285, NFound: 10, Coef: 10
