Round: 1, Attack Type: Statistical Attack, Error: 0, Time: 0.07608294486999512, NFound: 10, Coef: 10
Round: 2, Attack Type: Statistical Attack, Error: 0, Time: 0.08506107330322266, NFound: 10, Coef: 10
