Round: 1, Attack Type: Statistical Attack, Error: 0, Time: 0.12755084037780762, NFound: 5, Coef: 8
Round: 2, Attack Type: Statistical Attack, Error: 0, Time: 0.14359664916992188, NFound: 10, Coef: 10
