Round: 1, Attack Type: Statistical Attack, Error: 0, Time: 0.07023096084594727, NFound: 5, Coef: 8
Round: 2, Attack Type: Statistical Attack, Error: 0, Time: 0.08159279823303223, NFound: 10, Coef: 10
