Round: 1, Attack Type: Statistical Attack, Error: 0, Time: 0.12170720100402832, NFound: 10, Coef: 10
Round: 2, Attack Type: Statistical Attack, Error: 0, Time: 0.15284109115600586, NFound: 10, Coef: 10
