Round: 1, Attack Type: Statistical Attack, Error: 0, Time: 0.08417677879333496, NFound: 5, Coef: 8
Round: 2, Attack Type: Statistical Attack, Error: 0, Time: 0.09554505348205566, NFound: 10, Coef: 10
