Round: 1, Attack Type: Statistical Attack, Error: 0, Time: 0.0770881175994873, NFound: 10, Coef: 10
Round: 2, Attack Type: Statistical Attack, Error: 0, Time: 0.09322285652160645, NFound: 9, Coef: 8
