Round: 1, Attack Type: Statistical Attack, Error: 0, Time: 0.1055459976196289, NFound: 5, Coef: 8
Round: 2, Attack Type: Statistical Attack, Error: 0, Time: 0.12347292900085449, NFound: 9, Coef: 8
