Round: 1, Attack Type: Statistical Attack, Error: 0, Time: 0.07474017143249512, NFound: 9, Coef: 9
Round: 2, Attack Type: Statistical Attack, Error: 0, Time: 0.07935714721679688, NFound: 10, Coef: 10
