Round: 1, Attack Type: Statistical Attack, Error: 0, Time: 0.08837699890136719, NFound: 10, Coef: 10
Round: 2, Attack Type: Statistical Attack, Error: 0, Time: 0.12992000579833984, NFound: 10, Coef: 10
