Round: 1, Attack Type: Statistical Attack, Error: 0, Time: 0.0864250659942627, NFound: 5, Coef: 8
Round: 2, Attack Type: Statistical Attack, Error: 0, Time: 0.10771417617797852, NFound: 10, Coef: 10
