Round: 1, Attack Type: Statistical Attack, Error: 0, Time: 0.09667015075683594, NFound: 10, Coef: 10
Round: 2, Attack Type: Statistical Attack, Error: 0, Time: 0.10222196578979492, NFound: 10, Coef: 10
