Round: 1, Attack Type: Statistical Attack, Error: 0, Time: 0.08098578453063965, NFound: 5, Coef: 8
Round: 2, Attack Type: Statistical Attack, Error: 0, Time: 0.07974028587341309, NFound: 10, Coef: 10
