Round: 1, Attack Type: Statistical Attack, Error: 0, Time: 0.10650801658630371, NFound: 10, Coef: 10
Round: 2, Attack Type: Statistical Attack, Error: 0, Time: 0.11602497100830078, NFound: 10, Coef: 10
