Round: 1, Attack Type: Statistical Attack, Error: 0, Time: 0.06659388542175293, NFound: 5, Coef: 8
Round: 2, Attack Type: Statistical Attack, Error: 0, Time: 0.07272100448608398, NFound: 10, Coef: 10
