Round: 1, Attack Type: Statistical Attack, Error: 0, Time: 0.0815279483795166, NFound: 5, Coef: 8
Round: 2, Attack Type: Statistical Attack, Error: 0, Time: 0.10234785079956055, NFound: 10, Coef: 10
