Round: 1, Attack Type: Statistical Attack, Error: 0, Time: 0.06458497047424316, NFound: 10, Coef: 10
Round: 2, Attack Type: Statistical Attack, Error: 0, Time: 0.08742403984069824, NFound: 10, Coef: 10
