Round: 1, Attack Type: Statistical Attack, Error: 0, Time: 0.0791327953338623, NFound: 5, Coef: 8
Round: 2, Attack Type: Statistical Attack, Error: 0, Time: 0.0808248519897461, NFound: 10, Coef: 10
