Round: 1, Attack Type: Statistical Attack, Error: 0, Time: 0.11589884757995605, NFound: 10, Coef: 10
Round: 2, Attack Type: Statistical Attack, Error: 0, Time: 0.11020803451538086, NFound: 10, Coef: 10
