Round: 1, Attack Type: Statistical Attack, Error: 0, Time: 0.07813215255737305, NFound: 10, Coef: 10
Round: 2, Attack Type: Statistical Attack, Error: 0, Time: 0.09334588050842285, NFound: 10, Coef: 10
