Round: 1, Attack Type: Statistical Attack, Error: 0, Time: 0.07216906547546387, NFound: 10, Coef: 10
Round: 2, Attack Type: Statistical Attack, Error: 0, Time: 0.08566093444824219, NFound: 10, Coef: 10
