Round: 1, Attack Type: Statistical Attack, Error: 0, Time: 0.07605385780334473, NFound: 10, Coef: 10
Round: 2, Attack Type: Statistical Attack, Error: 0, Time: 0.07906818389892578, NFound: 10, Coef: 10
