Round: 1, Attack Type: Statistical Attack, Error: 0, Time: 0.0840761661529541, NFound: 5, Coef: 8
Round: 2, Attack Type: Statistical Attack, Error: 0, Time: 0.10081696510314941, NFound: 10, Coef: 10
