Round: 1, Attack Type: Statistical Attack, Error: 0, Time: 0.1105351448059082, NFound: 9, Coef: 8
Round: 2, Attack Type: Statistical Attack, Error: 0, Time: 0.11189103126525879, NFound: 10, Coef: 10
