Round: 1, Attack Type: Statistical Attack, Error: 0, Time: 0.07747387886047363, NFound: 5, Coef: 8
Round: 2, Attack Type: Statistical Attack, Error: 0, Time: 0.08457088470458984, NFound: 10, Coef: 10
