Round: 1, Attack Type: Statistical Attack, Error: 0, Time: 0.08268117904663086, NFound: 10, Coef: 10
Round: 2, Attack Type: Statistical Attack, Error: 0, Time: 0.0896749496459961, NFound: 10, Coef: 10
