Round: 1, Attack Type: Statistical Attack, Error: 0, Time: 0.09501791000366211, NFound: 5, Coef: 8
Round: 2, Attack Type: Statistical Attack, Error: 0, Time: 0.10053491592407227, NFound: 10, Coef: 10
