Round: 1, Attack Type: Statistical Attack, Error: 0, Time: 0.07624101638793945, NFound: 9, Coef: 8
Round: 2, Attack Type: Statistical Attack, Error: 0, Time: 0.09054207801818848, NFound: 10, Coef: 10
