Round: 1, Attack Type: Statistical Attack, Error: 0, Time: 0.07651972770690918, NFound: 5, Coef: 8
Round: 2, Attack Type: Statistical Attack, Error: 0, Time: 0.08102679252624512, NFound: 10, Coef: 10
