Round: 1, Attack Type: Statistical Attack, Error: 0, Time: 0.08271193504333496, NFound: 10, Coef: 10
Round: 2, Attack Type: Statistical Attack, Error: 0, Time: 0.09850311279296875, NFound: 10, Coef: 10
