Round: 1, Attack Type: Statistical Attack, Error: 0, Time: 0.07361006736755371, NFound: 10, Coef: 10
Round: 2, Attack Type: Statistical Attack, Error: 0, Time: 0.07892179489135742, NFound: 10, Coef: 10
