Round: 1, Attack Type: Statistical Attack, Error: 0, Time: 0.10248398780822754, NFound: 10, Coef: 10
Round: 2, Attack Type: Statistical Attack, Error: 0, Time: 0.12082409858703613, NFound: 10, Coef: 10
