Round: 1, Attack Type: Statistical Attack, Error: 0, Time: 0.06906604766845703, NFound: 10, Coef: 10
Round: 2, Attack Type: Statistical Attack, Error: 0, Time: 0.0735619068145752, NFound: 10, Coef: 10
