Round: 1, Attack Type: Statistical Attack, Error: 0, Time: 0.07647991180419922, NFound: 5, Coef: 8
Round: 2, Attack Type: Statistical Attack, Error: 0, Time: 0.07748699188232422, NFound: 10, Coef: 10
