Round: 1, Attack Type: Statistical Attack, Error: 0, Time: 0.07473301887512207, NFound: 5, Coef: 8
Round: 2, Attack Type: Statistical Attack, Error: 0, Time: 0.07663583755493164, NFound: 10, Coef: 10
