Round: 1, Attack Type: Statistical Attack, Error: 0, Time: 0.09317803382873535, NFound: 10, Coef: 10
Round: 2, Attack Type: Statistical Attack, Error: 0, Time: 0.10230016708374023, NFound: 10, Coef: 10
