Round: 1, Attack Type: Statistical Attack, Error: 0, Time: 0.16300702095031738, NFound: 10, Coef: 10
Round: 2, Attack Type: Statistical Attack, Error: 0, Time: 0.09686708450317383, NFound: 10, Coef: 10
