Round: 1, Attack Type: Statistical Attack, Error: 0, Time: 0.07341313362121582, NFound: 10, Coef: 10
Round: 2, Attack Type: Statistical Attack, Error: 0, Time: 0.08732724189758301, NFound: 10, Coef: 10
