Round: 1, Attack Type: Statistical Attack, Error: 0, Time: 0.0799870491027832, NFound: 5, Coef: 8
Round: 2, Attack Type: Statistical Attack, Error: 0, Time: 0.07629799842834473, NFound: 10, Coef: 10
