Round: 1, Attack Type: Statistical Attack, Error: 0, Time: 0.08994007110595703, NFound: 5, Coef: 8
Round: 2, Attack Type: Statistical Attack, Error: 0, Time: 0.09947800636291504, NFound: 10, Coef: 10
