Round: 1, Attack Type: Statistical Attack, Error: 0, Time: 0.06259393692016602, NFound: 5, Coef: 8
Round: 2, Attack Type: Statistical Attack, Error: 0, Time: 0.06522893905639648, NFound: 10, Coef: 10
