Round: 1, Attack Type: Statistical Attack, Error: 0, Time: 0.08165907859802246, NFound: 10, Coef: 10
Round: 2, Attack Type: Statistical Attack, Error: 0, Time: 0.08918404579162598, NFound: 10, Coef: 10
