Round: 1, Attack Type: Statistical Attack, Error: 0, Time: 0.0642998218536377, NFound: 10, Coef: 10
Round: 2, Attack Type: Statistical Attack, Error: 0, Time: 0.07302188873291016, NFound: 10, Coef: 10
