Round: 1, Attack Type: Statistical Attack, Error: 0, Time: 0.1569809913635254, NFound: 10, Coef: 10
Round: 2, Attack Type: Statistical Attack, Error: 0, Time: 0.14594078063964844, NFound: 10, Coef: 10
