Round: 1, Attack Type: Statistical Attack, Error: 0, Time: 0.09705233573913574, NFound: 10, Coef: 10
Round: 2, Attack Type: Statistical Attack, Error: 0, Time: 0.10961008071899414, NFound: 10, Coef: 10
