Round: 1, Attack Type: Statistical Attack, Error: 0, Time: 0.09126496315002441, NFound: 9, Coef: 8
Round: 2, Attack Type: Statistical Attack, Error: 0, Time: 0.08533191680908203, NFound: 10, Coef: 10
