Round: 1, Attack Type: Statistical Attack, Error: 0, Time: 0.0946199893951416, NFound: 5, Coef: 8
Round: 2, Attack Type: Statistical Attack, Error: 0, Time: 0.08883094787597656, NFound: 10, Coef: 10
