Round: 1, Attack Type: Statistical Attack, Error: 0, Time: 0.14048480987548828, NFound: 10, Coef: 10
Round: 2, Attack Type: Statistical Attack, Error: 0, Time: 0.11295104026794434, NFound: 10, Coef: 10
