Round: 1, Attack Type: Statistical Attack, Error: 0, Time: 0.07290816307067871, NFound: 10, Coef: 10
Round: 2, Attack Type: Statistical Attack, Error: 0, Time: 0.08106589317321777, NFound: 10, Coef: 10
