Round: 1, Attack Type: Statistical Attack, Error: 0, Time: 0.0709218978881836, NFound: 10, Coef: 10
Round: 2, Attack Type: Statistical Attack, Error: 0, Time: 0.07484292984008789, NFound: 10, Coef: 10
