Round: 1, Attack Type: Statistical Attack, Error: 0, Time: 0.06752634048461914, NFound: 10, Coef: 10
Round: 2, Attack Type: Statistical Attack, Error: 0, Time: 0.08222818374633789, NFound: 10, Coef: 10
