Round: 1, Attack Type: Statistical Attack, Error: 0, Time: 0.11173105239868164, NFound: 9, Coef: 8
Round: 2, Attack Type: Statistical Attack, Error: 0, Time: 0.09783196449279785, NFound: 10, Coef: 10
