Round: 1, Attack Type: Statistical Attack, Error: 0, Time: 0.09201788902282715, NFound: 5, Coef: 8
Round: 2, Attack Type: Statistical Attack, Error: 0, Time: 0.13455796241760254, NFound: 10, Coef: 10
