Round: 1, Attack Type: Statistical Attack, Error: 0, Time: 0.08640789985656738, NFound: 10, Coef: 10
Round: 2, Attack Type: Statistical Attack, Error: 0, Time: 0.1055917739868164, NFound: 10, Coef: 10
