Round: 1, Attack Type: Statistical Attack, Error: 0, Time: 0.07953095436096191, NFound: 5, Coef: 8
Round: 2, Attack Type: Statistical Attack, Error: 0, Time: 0.0872039794921875, NFound: 10, Coef: 10
