Round: 1, Attack Type: Statistical Attack, Error: 0, Time: 0.08033514022827148, NFound: 5, Coef: 8
Round: 2, Attack Type: Statistical Attack, Error: 0, Time: 0.07500123977661133, NFound: 10, Coef: 10
