Round: 1, Attack Type: Statistical Attack, Error: 0, Time: 0.07678675651550293, NFound: 5, Coef: 8
Round: 2, Attack Type: Statistical Attack, Error: 0, Time: 0.0759439468383789, NFound: 10, Coef: 10
