Round: 1, Attack Type: Statistical Attack, Error: 0, Time: 0.06814289093017578, NFound: 9, Coef: 8
Round: 2, Attack Type: Statistical Attack, Error: 0, Time: 0.07269883155822754, NFound: 10, Coef: 10
