Round: 1, Attack Type: Statistical Attack, Error: 0, Time: 0.08772611618041992, NFound: 5, Coef: 8
Round: 2, Attack Type: Statistical Attack, Error: 0, Time: 0.09504318237304688, NFound: 10, Coef: 10
