Round: 1, Attack Type: Statistical Attack, Error: 0, Time: 0.059329986572265625, NFound: 10, Coef: 10
Round: 2, Attack Type: Statistical Attack, Error: 0, Time: 0.0747232437133789, NFound: 10, Coef: 10
