Round: 1, Attack Type: Statistical Attack, Error: 0, Time: 0.09013104438781738, NFound: 10, Coef: 10
Round: 2, Attack Type: Statistical Attack, Error: 0, Time: 0.10500097274780273, NFound: 10, Coef: 10
