Round: 1, Attack Type: Statistical Attack, Error: 0, Time: 0.0604550838470459, NFound: 5, Coef: 8
Round: 2, Attack Type: Statistical Attack, Error: 0, Time: 0.06595468521118164, NFound: 10, Coef: 10
