Round: 1, Attack Type: Statistical Attack, Error: 0, Time: 0.09288311004638672, NFound: 5, Coef: 8
Round: 2, Attack Type: Statistical Attack, Error: 0, Time: 0.1012258529663086, NFound: 10, Coef: 10
