Round: 1, Attack Type: Statistical Attack, Error: 0, Time: 0.08244991302490234, NFound: 10, Coef: 10
Round: 2, Attack Type: Statistical Attack, Error: 0, Time: 0.08806514739990234, NFound: 10, Coef: 10
