Round: 1, Attack Type: Statistical Attack, Error: 0, Time: 0.10233330726623535, NFound: 5, Coef: 8
Round: 2, Attack Type: Statistical Attack, Error: 0, Time: 0.11061811447143555, NFound: 10, Coef: 10
