Round: 1, Attack Type: Statistical Attack, Error: 0, Time: 0.07386112213134766, NFound: 5, Coef: 8
Round: 2, Attack Type: Statistical Attack, Error: 0, Time: 0.08851003646850586, NFound: 10, Coef: 10
