Round: 1, Attack Type: Statistical Attack, Error: 0, Time: 0.071868896484375, NFound: 5, Coef: 8
Round: 2, Attack Type: Statistical Attack, Error: 0, Time: 0.08422303199768066, NFound: 10, Coef: 10
