Round: 1, Attack Type: Statistical Attack, Error: 0, Time: 0.08169007301330566, NFound: 5, Coef: 8
Round: 2, Attack Type: Statistical Attack, Error: 0, Time: 0.07873415946960449, NFound: 10, Coef: 10
