Round: 1, Attack Type: Statistical Attack, Error: 0, Time: 0.07127118110656738, NFound: 9, Coef: 8
Round: 2, Attack Type: Statistical Attack, Error: 0, Time: 0.0814971923828125, NFound: 10, Coef: 10
