Round: 1, Attack Type: Statistical Attack, Error: 0, Time: 0.0627140998840332, NFound: 5, Coef: 8
Round: 2, Attack Type: Statistical Attack, Error: 0, Time: 0.06556510925292969, NFound: 10, Coef: 10
