Round: 1, Attack Type: Statistical Attack, Error: 0, Time: 0.07183170318603516, NFound: 5, Coef: 8
Round: 2, Attack Type: Statistical Attack, Error: 0, Time: 0.08635616302490234, NFound: 9, Coef: 8
