Round: 1, Attack Type: Statistical Attack, Error: 0, Time: 0.09201979637145996, NFound: 10, Coef: 10
Round: 2, Attack Type: Statistical Attack, Error: 0, Time: 0.10465884208679199, NFound: 10, Coef: 10
