Round: 1, Attack Type: Statistical Attack, Error: 0, Time: 0.07583069801330566, NFound: 5, Coef: 8
Round: 2, Attack Type: Statistical Attack, Error: 0, Time: 0.08269619941711426, NFound: 10, Coef: 10
