Round: 1, Attack Type: Statistical Attack, Error: 0, Time: 0.06329178810119629, NFound: 5, Coef: 8
Round: 2, Attack Type: Statistical Attack, Error: 0, Time: 0.06658792495727539, NFound: 10, Coef: 10
