Round: 1, Attack Type: Statistical Attack, Error: 0, Time: 0.0829308032989502, NFound: 5, Coef: 8
Round: 2, Attack Type: Statistical Attack, Error: 0, Time: 0.0862879753112793, NFound: 10, Coef: 10
