Round: 1, Attack Type: Statistical Attack, Error: 0, Time: 0.07233309745788574, NFound: 10, Coef: 10
Round: 2, Attack Type: Statistical Attack, Error: 0, Time: 0.08926200866699219, NFound: 10, Coef: 10
