Round: 1, Attack Type: Statistical Attack, Error: 0, Time: 0.11201906204223633, NFound: 10, Coef: 10
Round: 2, Attack Type: Statistical Attack, Error: 0, Time: 0.11920714378356934, NFound: 10, Coef: 10
