Round: 1, Attack Type: Statistical Attack, Error: 0, Time: 0.07186079025268555, NFound: 5, Coef: 8
Round: 2, Attack Type: Statistical Attack, Error: 0, Time: 0.08968806266784668, NFound: 9, Coef: 8
