Round: 1, Attack Type: Statistical Attack, Error: 0, Time: 0.07009720802307129, NFound: 10, Coef: 10
Round: 2, Attack Type: Statistical Attack, Error: 0, Time: 0.07617926597595215, NFound: 10, Coef: 10
