Round: 1, Attack Type: Statistical Attack, Error: 0, Time: 0.08588099479675293, NFound: 10, Coef: 10
Round: 2, Attack Type: Statistical Attack, Error: 0, Time: 0.10056090354919434, NFound: 10, Coef: 10
