Round: 1, Attack Type: Statistical Attack, Error: 0, Time: 0.07399797439575195, NFound: 5, Coef: 8
Round: 2, Attack Type: Statistical Attack, Error: 0, Time: 0.07626128196716309, NFound: 10, Coef: 10
