Round: 1, Attack Type: Statistical Attack, Error: 0, Time: 0.06435418128967285, NFound: 10, Coef: 10
Round: 2, Attack Type: Statistical Attack, Error: 0, Time: 0.09065079689025879, NFound: 9, Coef: 8
