Round: 1, Attack Type: Statistical Attack, Error: 0, Time: 0.08682394027709961, NFound: 5, Coef: 8
Round: 2, Attack Type: Statistical Attack, Error: 0, Time: 0.09821176528930664, NFound: 10, Coef: 10
