Round: 1, Attack Type: Statistical Attack, Error: 0, Time: 0.08057308197021484, NFound: 10, Coef: 10
Round: 2, Attack Type: Statistical Attack, Error: 0, Time: 0.09438586235046387, NFound: 10, Coef: 10
