Round: 1, Attack Type: Statistical Attack, Error: 0, Time: 0.1411592960357666, NFound: 10, Coef: 10
Round: 2, Attack Type: Statistical Attack, Error: 0, Time: 0.11117696762084961, NFound: 10, Coef: 10
