Round: 1, Attack Type: Statistical Attack, Error: 0, Time: 0.11840105056762695, NFound: 10, Coef: 10
Round: 2, Attack Type: Statistical Attack, Error: 0, Time: 0.11367511749267578, NFound: 10, Coef: 10
