Round: 1, Attack Type: Statistical Attack, Error: 0, Time: 0.09222078323364258, NFound: 10, Coef: 10
Round: 2, Attack Type: Statistical Attack, Error: 0, Time: 0.10403299331665039, NFound: 10, Coef: 10
