Round: 1, Attack Type: Statistical Attack, Error: 0, Time: 0.06014370918273926, NFound: 10, Coef: 10
Round: 2, Attack Type: Statistical Attack, Error: 0, Time: 0.0675199031829834, NFound: 10, Coef: 10
