Round: 1, Attack Type: Statistical Attack, Error: 0, Time: 0.07391119003295898, NFound: 5, Coef: 8
Round: 2, Attack Type: Statistical Attack, Error: 0, Time: 0.08560490608215332, NFound: 10, Coef: 10
