Round: 1, Attack Type: Statistical Attack, Error: 0, Time: 0.07213211059570312, NFound: 10, Coef: 10
Round: 2, Attack Type: Statistical Attack, Error: 0, Time: 0.09471511840820312, NFound: 10, Coef: 10
