Round: 1, Attack Type: Statistical Attack, Error: 0, Time: 0.06954383850097656, NFound: 10, Coef: 10
Round: 2, Attack Type: Statistical Attack, Error: 0, Time: 0.08626008033752441, NFound: 10, Coef: 10
