Round: 1, Attack Type: Statistical Attack, Error: 0, Time: 0.07909798622131348, NFound: 5, Coef: 8
Round: 2, Attack Type: Statistical Attack, Error: 0, Time: 0.08370614051818848, NFound: 10, Coef: 10
