Round: 1, Attack Type: Statistical Attack, Error: 0, Time: 0.07511520385742188, NFound: 10, Coef: 10
Round: 2, Attack Type: Statistical Attack, Error: 0, Time: 0.07869410514831543, NFound: 10, Coef: 10
