Round: 1, Attack Type: Statistical Attack, Error: 0, Time: 0.0715792179107666, NFound: 10, Coef: 10
Round: 2, Attack Type: Statistical Attack, Error: 0, Time: 0.08455777168273926, NFound: 10, Coef: 10
