Round: 1, Attack Type: Statistical Attack, Error: 0, Time: 0.07729887962341309, NFound: 10, Coef: 10
Round: 2, Attack Type: Statistical Attack, Error: 0, Time: 0.0784769058227539, NFound: 10, Coef: 10
