Round: 1, Attack Type: Statistical Attack, Error: 0, Time: 0.06357932090759277, NFound: 5, Coef: 8
Round: 2, Attack Type: Statistical Attack, Error: 0, Time: 0.0705270767211914, NFound: 10, Coef: 10
