Round: 1, Attack Type: Statistical Attack, Error: 0, Time: 0.0857698917388916, NFound: 5, Coef: 8
Round: 2, Attack Type: Statistical Attack, Error: 0, Time: 0.10304403305053711, NFound: 10, Coef: 10
