Round: 1, Attack Type: Statistical Attack, Error: 0, Time: 0.08238792419433594, NFound: 5, Coef: 8
Round: 2, Attack Type: Statistical Attack, Error: 0, Time: 0.0863959789276123, NFound: 10, Coef: 10
