Round: 1, Attack Type: Statistical Attack, Error: 0, Time: 0.09828567504882812, NFound: 5, Coef: 8
Round: 2, Attack Type: Statistical Attack, Error: 0, Time: 0.10779380798339844, NFound: 10, Coef: 10
