Round: 1, Attack Type: Statistical Attack, Error: 0, Time: 0.06620001792907715, NFound: 10, Coef: 10
Round: 2, Attack Type: Statistical Attack, Error: 0, Time: 0.07274317741394043, NFound: 9, Coef: 8
