Round: 1, Attack Type: Statistical Attack, Error: 0, Time: 0.07690691947937012, NFound: 10, Coef: 10
Round: 2, Attack Type: Statistical Attack, Error: 0, Time: 0.08247518539428711, NFound: 10, Coef: 10
