Round: 1, Attack Type: Statistical Attack, Error: 0, Time: 0.09598708152770996, NFound: 5, Coef: 8
Round: 2, Attack Type: Statistical Attack, Error: 0, Time: 0.14556097984313965, NFound: 9, Coef: 8
