Round: 1, Attack Type: Statistical Attack, Error: 0, Time: 0.09330201148986816, NFound: 5, Coef: 8
Round: 2, Attack Type: Statistical Attack, Error: 0, Time: 0.0941019058227539, NFound: 10, Coef: 10
