Round: 1, Attack Type: Statistical Attack, Error: 0, Time: 0.06113791465759277, NFound: 10, Coef: 10
Round: 2, Attack Type: Statistical Attack, Error: 0, Time: 0.06558680534362793, NFound: 10, Coef: 10
