Round: 1, Attack Type: Statistical Attack, Error: 0, Time: 0.08964800834655762, NFound: 5, Coef: 8
Round: 2, Attack Type: Statistical Attack, Error: 0, Time: 0.0833899974822998, NFound: 10, Coef: 10
