Round: 1, Attack Type: Statistical Attack, Error: 0, Time: 0.0806589126586914, NFound: 5, Coef: 8
Round: 2, Attack Type: Statistical Attack, Error: 0, Time: 0.08047008514404297, NFound: 10, Coef: 10
