Round: 1, Attack Type: Statistical Attack, Error: 0, Time: 0.0731048583984375, NFound: 10, Coef: 10
Round: 2, Attack Type: Statistical Attack, Error: 0, Time: 0.08148503303527832, NFound: 10, Coef: 10
