Round: 1, Attack Type: Statistical Attack, Error: 0, Time: 0.07595419883728027, NFound: 5, Coef: 8
Round: 2, Attack Type: Statistical Attack, Error: 0, Time: 0.07592010498046875, NFound: 10, Coef: 10
