Round: 1, Attack Type: Statistical Attack, Error: 0, Time: 0.07489991188049316, NFound: 10, Coef: 10
Round: 2, Attack Type: Statistical Attack, Error: 0, Time: 0.08625102043151855, NFound: 10, Coef: 10
