Round: 1, Attack Type: Statistical Attack, Error: 0, Time: 0.08181309700012207, NFound: 5, Coef: 8
Round: 2, Attack Type: Statistical Attack, Error: 0, Time: 0.09291195869445801, NFound: 10, Coef: 10
