Round: 1, Attack Type: Statistical Attack, Error: 0, Time: 0.07254695892333984, NFound: 5, Coef: 8
Round: 2, Attack Type: Statistical Attack, Error: 0, Time: 0.07902002334594727, NFound: 10, Coef: 10
