Round: 1, Attack Type: Statistical Attack, Error: 0, Time: 0.0748450756072998, NFound: 5, Coef: 8
Round: 2, Attack Type: Statistical Attack, Error: 0, Time: 0.08008289337158203, NFound: 10, Coef: 10
