Round: 1, Attack Type: Statistical Attack, Error: 0, Time: 0.06958532333374023, NFound: 10, Coef: 10
Round: 2, Attack Type: Statistical Attack, Error: 0, Time: 0.0773627758026123, NFound: 10, Coef: 10
