Round: 1, Attack Type: Statistical Attack, Error: 0, Time: 0.06328201293945312, NFound: 10, Coef: 10
Round: 2, Attack Type: Statistical Attack, Error: 0, Time: 0.06966924667358398, NFound: 10, Coef: 10
