Round: 1, Attack Type: Statistical Attack, Error: 0, Time: 0.09027314186096191, NFound: 5, Coef: 8
Round: 2, Attack Type: Statistical Attack, Error: 0, Time: 0.10323405265808105, NFound: 10, Coef: 10
