Round: 1, Attack Type: Statistical Attack, Error: 0, Time: 0.08876419067382812, NFound: 9, Coef: 8
Round: 2, Attack Type: Statistical Attack, Error: 0, Time: 0.0974740982055664, NFound: 10, Coef: 10
