Round: 1, Attack Type: Statistical Attack, Error: 0, Time: 0.06436300277709961, NFound: 10, Coef: 10
Round: 2, Attack Type: Statistical Attack, Error: 0, Time: 0.06589007377624512, NFound: 10, Coef: 10
