Round: 1, Attack Type: Statistical Attack, Error: 0, Time: 0.07752013206481934, NFound: 5, Coef: 8
Round: 2, Attack Type: Statistical Attack, Error: 0, Time: 0.0799560546875, NFound: 10, Coef: 10
