Round: 1, Attack Type: Statistical Attack, Error: 0, Time: 0.09046483039855957, NFound: 5, Coef: 8
Round: 2, Attack Type: Statistical Attack, Error: 0, Time: 0.09673190116882324, NFound: 10, Coef: 10
