Round: 1, Attack Type: Statistical Attack, Error: 0, Time: 0.1044468879699707, NFound: 10, Coef: 10
Round: 2, Attack Type: Statistical Attack, Error: 0, Time: 0.11107611656188965, NFound: 10, Coef: 10
