Round: 1, Attack Type: Statistical Attack, Error: 0, Time: 0.1535508632659912, NFound: 10, Coef: 10
Round: 2, Attack Type: Statistical Attack, Error: 0, Time: 0.13272404670715332, NFound: 10, Coef: 10
