Round: 1, Attack Type: Statistical Attack, Error: 0, Time: 0.06206703186035156, NFound: 5, Coef: 8
Round: 2, Attack Type: Statistical Attack, Error: 0, Time: 0.06936812400817871, NFound: 10, Coef: 10
