Round: 1, Attack Type: Statistical Attack, Error: 0, Time: 0.07839179039001465, NFound: 5, Coef: 8
Round: 2, Attack Type: Statistical Attack, Error: 0, Time: 0.07925295829772949, NFound: 10, Coef: 10
