Round: 1, Attack Type: Statistical Attack, Error: 0, Time: 0.07099699974060059, NFound: 10, Coef: 10
Round: 2, Attack Type: Statistical Attack, Error: 0, Time: 0.0756831169128418, NFound: 10, Coef: 10
