Round: 1, Attack Type: Statistical Attack, Error: 0, Time: 0.07828998565673828, NFound: 5, Coef: 8
Round: 2, Attack Type: Statistical Attack, Error: 0, Time: 0.07811903953552246, NFound: 10, Coef: 10
