Round: 1, Attack Type: Statistical Attack, Error: 0, Time: 0.09476876258850098, NFound: 5, Coef: 8
Round: 2, Attack Type: Statistical Attack, Error: 0, Time: 0.10361719131469727, NFound: 10, Coef: 10
