Round: 1, Attack Type: Statistical Attack, Error: 0, Time: 0.07408475875854492, NFound: 10, Coef: 10
Round: 2, Attack Type: Statistical Attack, Error: 0, Time: 0.08504533767700195, NFound: 10, Coef: 10
