Round: 1, Attack Type: Statistical Attack, Error: 0, Time: 0.06432986259460449, NFound: 10, Coef: 10
Round: 2, Attack Type: Statistical Attack, Error: 0, Time: 0.06669282913208008, NFound: 10, Coef: 10
