Round: 1, Attack Type: Statistical Attack, Error: 0, Time: 0.07941985130310059, NFound: 5, Coef: 8
Round: 2, Attack Type: Statistical Attack, Error: 0, Time: 0.09983015060424805, NFound: 10, Coef: 10
