Round: 1, Attack Type: Statistical Attack, Error: 0, Time: 0.08684015274047852, NFound: 9, Coef: 8
Round: 2, Attack Type: Statistical Attack, Error: 0, Time: 0.07972407341003418, NFound: 10, Coef: 10
