Round: 1, Attack Type: Statistical Attack, Error: 0, Time: 0.07746696472167969, NFound: 10, Coef: 10
Round: 2, Attack Type: Statistical Attack, Error: 0, Time: 0.07848596572875977, NFound: 10, Coef: 10
