Round: 1, Attack Type: Statistical Attack, Error: 0, Time: 0.08469891548156738, NFound: 5, Coef: 8
Round: 2, Attack Type: Statistical Attack, Error: 0, Time: 0.09731078147888184, NFound: 9, Coef: 8
