Round: 1, Attack Type: Statistical Attack, Error: 0, Time: 0.08090806007385254, NFound: 5, Coef: 8
Round: 2, Attack Type: Statistical Attack, Error: 0, Time: 0.08635711669921875, NFound: 10, Coef: 10
