Round: 1, Attack Type: Statistical Attack, Error: 0, Time: 0.07447481155395508, NFound: 10, Coef: 10
Round: 2, Attack Type: Statistical Attack, Error: 0, Time: 0.07957911491394043, NFound: 10, Coef: 10
