Round: 1, Attack Type: Statistical Attack, Error: 0, Time: 0.09561491012573242, NFound: 5, Coef: 8
Round: 2, Attack Type: Statistical Attack, Error: 0, Time: 0.10102295875549316, NFound: 10, Coef: 10
