Round: 1, Attack Type: Statistical Attack, Error: 0, Time: 0.07436800003051758, NFound: 5, Coef: 8
Round: 2, Attack Type: Statistical Attack, Error: 0, Time: 0.08507204055786133, NFound: 10, Coef: 10
