Round: 1, Attack Type: Statistical Attack, Error: 0, Time: 0.10085701942443848, NFound: 5, Coef: 8
Round: 2, Attack Type: Statistical Attack, Error: 0, Time: 0.10514307022094727, NFound: 10, Coef: 10
