Round: 1, Attack Type: Statistical Attack, Error: 0, Time: 0.07255411148071289, NFound: 10, Coef: 10
Round: 2, Attack Type: Statistical Attack, Error: 0, Time: 0.08253002166748047, NFound: 10, Coef: 10
