Round: 1, Attack Type: Statistical Attack, Error: 0, Time: 0.0900418758392334, NFound: 10, Coef: 10
Round: 2, Attack Type: Statistical Attack, Error: 0, Time: 0.11717915534973145, NFound: 10, Coef: 10
