Round: 1, Attack Type: Statistical Attack, Error: 0, Time: 0.05966591835021973, NFound: 10, Coef: 10
Round: 2, Attack Type: Statistical Attack, Error: 0, Time: 0.07100486755371094, NFound: 10, Coef: 10
