Round: 1, Attack Type: Statistical Attack, Error: 0, Time: 0.0943140983581543, NFound: 5, Coef: 8
Round: 2, Attack Type: Statistical Attack, Error: 0, Time: 0.09885883331298828, NFound: 10, Coef: 10
