Round: 1, Attack Type: Statistical Attack, Error: 0, Time: 0.07930803298950195, NFound: 5, Coef: 8
Round: 2, Attack Type: Statistical Attack, Error: 0, Time: 0.07788991928100586, NFound: 10, Coef: 10
