Round: 1, Attack Type: Statistical Attack, Error: 0, Time: 0.0781240463256836, NFound: 5, Coef: 8
Round: 2, Attack Type: Statistical Attack, Error: 0, Time: 0.07663893699645996, NFound: 10, Coef: 10
