Round: 1, Attack Type: Statistical Attack, Error: 0, Time: 0.06728291511535645, NFound: 5, Coef: 8
Round: 2, Attack Type: Statistical Attack, Error: 0, Time: 0.06978034973144531, NFound: 10, Coef: 10
