Round: 1, Attack Type: Statistical Attack, Error: 0, Time: 0.07734227180480957, NFound: 10, Coef: 10
Round: 2, Attack Type: Statistical Attack, Error: 0, Time: 0.08514523506164551, NFound: 10, Coef: 10
