Round: 1, Attack Type: Statistical Attack, Error: 0, Time: 0.07215285301208496, NFound: 5, Coef: 8
Round: 2, Attack Type: Statistical Attack, Error: 0, Time: 0.08772802352905273, NFound: 9, Coef: 8
