Round: 1, Attack Type: Statistical Attack, Error: 0, Time: 0.07550168037414551, NFound: 9, Coef: 8
Round: 2, Attack Type: Statistical Attack, Error: 0, Time: 0.08121204376220703, NFound: 10, Coef: 10
