Round: 1, Attack Type: Statistical Attack, Error: 0, Time: 0.08006620407104492, NFound: 10, Coef: 10
Round: 2, Attack Type: Statistical Attack, Error: 0, Time: 0.07957315444946289, NFound: 10, Coef: 10
