Round: 1, Attack Type: Statistical Attack, Error: 0, Time: 0.0960550308227539, NFound: 5, Coef: 8
Round: 2, Attack Type: Statistical Attack, Error: 0, Time: 0.11459493637084961, NFound: 10, Coef: 10
