Round: 1, Attack Type: Statistical Attack, Error: 0, Time: 0.1209409236907959, NFound: 5, Coef: 8
Round: 2, Attack Type: Statistical Attack, Error: 0, Time: 0.10889697074890137, NFound: 10, Coef: 10
