Round: 1, Attack Type: Statistical Attack, Error: 0, Time: 0.08167076110839844, NFound: 10, Coef: 10
Round: 2, Attack Type: Statistical Attack, Error: 0, Time: 0.0949089527130127, NFound: 9, Coef: 8
