Round: 1, Attack Type: Statistical Attack, Error: 0, Time: 0.06705689430236816, NFound: 10, Coef: 10
Round: 2, Attack Type: Statistical Attack, Error: 0, Time: 0.07087588310241699, NFound: 10, Coef: 10
