Round: 1, Attack Type: Statistical Attack, Error: 0, Time: 0.09500694274902344, NFound: 5, Coef: 8
Round: 2, Attack Type: Statistical Attack, Error: 0, Time: 0.10316896438598633, NFound: 10, Coef: 10
