Round: 1, Attack Type: Statistical Attack, Error: 0, Time: 0.08447408676147461, NFound: 5, Coef: 8
Round: 2, Attack Type: Statistical Attack, Error: 0, Time: 0.08852791786193848, NFound: 9, Coef: 8
