Round: 1, Attack Type: Statistical Attack, Error: 0, Time: 0.05934286117553711, NFound: 10, Coef: 10
Round: 2, Attack Type: Statistical Attack, Error: 0, Time: 0.06201887130737305, NFound: 10, Coef: 10
