Round: 1, Attack Type: Statistical Attack, Error: 0, Time: 0.06771087646484375, NFound: 10, Coef: 10
Round: 2, Attack Type: Statistical Attack, Error: 0, Time: 0.07679104804992676, NFound: 10, Coef: 10
