Round: 1, Attack Type: Statistical Attack, Error: 0, Time: 0.06768488883972168, NFound: 5, Coef: 8
Round: 2, Attack Type: Statistical Attack, Error: 0, Time: 0.08837676048278809, NFound: 10, Coef: 10
