Round: 1, Attack Type: Statistical Attack, Error: 0, Time: 0.07536506652832031, NFound: 10, Coef: 10
Round: 2, Attack Type: Statistical Attack, Error: 0, Time: 0.09206819534301758, NFound: 10, Coef: 10
