Round: 1, Attack Type: Statistical Attack, Error: 0, Time: 0.08753299713134766, NFound: 10, Coef: 10
Round: 2, Attack Type: Statistical Attack, Error: 0, Time: 0.11177897453308105, NFound: 9, Coef: 8
