Round: 1, Attack Type: Statistical Attack, Error: 0, Time: 0.08333230018615723, NFound: 10, Coef: 10
Round: 2, Attack Type: Statistical Attack, Error: 0, Time: 0.10705709457397461, NFound: 10, Coef: 10
