Round: 1, Attack Type: Statistical Attack, Error: 0, Time: 0.08159112930297852, NFound: 10, Coef: 10
Round: 2, Attack Type: Statistical Attack, Error: 0, Time: 0.08176398277282715, NFound: 10, Coef: 10
