Round: 1, Attack Type: Statistical Attack, Error: 0, Time: 0.0684049129486084, NFound: 5, Coef: 8
Round: 2, Attack Type: Statistical Attack, Error: 0, Time: 0.0627748966217041, NFound: 10, Coef: 10
