Round: 1, Attack Type: Statistical Attack, Error: 0, Time: 0.09328103065490723, NFound: 10, Coef: 10
Round: 2, Attack Type: Statistical Attack, Error: 0, Time: 0.08116006851196289, NFound: 10, Coef: 10
