Round: 1, Attack Type: Statistical Attack, Error: 0, Time: 0.06664490699768066, NFound: 10, Coef: 10
Round: 2, Attack Type: Statistical Attack, Error: 0, Time: 0.08097267150878906, NFound: 10, Coef: 10
