Round: 1, Attack Type: Statistical Attack, Error: 0, Time: 0.08593988418579102, NFound: 10, Coef: 10
Round: 2, Attack Type: Statistical Attack, Error: 0, Time: 0.09253096580505371, NFound: 10, Coef: 10
