Round: 1, Attack Type: Statistical Attack, Error: 0, Time: 0.0750727653503418, NFound: 10, Coef: 10
Round: 2, Attack Type: Statistical Attack, Error: 0, Time: 0.08527779579162598, NFound: 10, Coef: 10
