Round: 1, Attack Type: Statistical Attack, Error: 0, Time: 0.07671403884887695, NFound: 5, Coef: 8
Round: 2, Attack Type: Statistical Attack, Error: 0, Time: 0.08554196357727051, NFound: 10, Coef: 10
