Round: 1, Attack Type: Statistical Attack, Error: 0, Time: 0.11526703834533691, NFound: 5, Coef: 8
Round: 2, Attack Type: Statistical Attack, Error: 0, Time: 0.11729001998901367, NFound: 10, Coef: 10
