Round: 1, Attack Type: Statistical Attack, Error: 0, Time: 0.07372188568115234, NFound: 5, Coef: 8
Round: 2, Attack Type: Statistical Attack, Error: 0, Time: 0.08093976974487305, NFound: 10, Coef: 10
