Round: 1, Attack Type: Statistical Attack, Error: 0, Time: 0.12083792686462402, NFound: 5, Coef: 8
Round: 2, Attack Type: Statistical Attack, Error: 0, Time: 0.11559510231018066, NFound: 10, Coef: 10
