Round: 1, Attack Type: Statistical Attack, Error: 0, Time: 0.12069296836853027, NFound: 10, Coef: 10
Round: 2, Attack Type: Statistical Attack, Error: 0, Time: 0.11037611961364746, NFound: 10, Coef: 10
