Round: 1, Attack Type: Statistical Attack, Error: 0, Time: 0.1063380241394043, NFound: 5, Coef: 8
Round: 2, Attack Type: Statistical Attack, Error: 0, Time: 0.10997986793518066, NFound: 10, Coef: 10
