Round: 1, Attack Type: Statistical Attack, Error: 0, Time: 0.07671880722045898, NFound: 10, Coef: 10
Round: 2, Attack Type: Statistical Attack, Error: 0, Time: 0.08646607398986816, NFound: 10, Coef: 10
