Round: 1, Attack Type: Statistical Attack, Error: 0, Time: 0.07461977005004883, NFound: 10, Coef: 10
Round: 2, Attack Type: Statistical Attack, Error: 0, Time: 0.07939314842224121, NFound: 10, Coef: 10
