Round: 1, Attack Type: Statistical Attack, Error: 0, Time: 0.07667708396911621, NFound: 10, Coef: 10
Round: 2, Attack Type: Statistical Attack, Error: 0, Time: 0.08233022689819336, NFound: 10, Coef: 10
