Round: 1, Attack Type: Statistical Attack, Error: 0, Time: 0.07046318054199219, NFound: 5, Coef: 8
Round: 2, Attack Type: Statistical Attack, Error: 0, Time: 0.0917811393737793, NFound: 9, Coef: 8
