Round: 1, Attack Type: Statistical Attack, Error: 0, Time: 0.0789189338684082, NFound: 10, Coef: 10
Round: 2, Attack Type: Statistical Attack, Error: 0, Time: 0.08105993270874023, NFound: 10, Coef: 10
