Round: 1, Attack Type: Statistical Attack, Error: 0, Time: 0.07590770721435547, NFound: 10, Coef: 10
Round: 2, Attack Type: Statistical Attack, Error: 0, Time: 0.07939600944519043, NFound: 10, Coef: 10
