Round: 1, Attack Type: Statistical Attack, Error: 0, Time: 0.08926987648010254, NFound: 5, Coef: 8
Round: 2, Attack Type: Statistical Attack, Error: 0, Time: 0.10100197792053223, NFound: 10, Coef: 10
