Round: 1, Attack Type: Statistical Attack, Error: 0, Time: 0.08178305625915527, NFound: 10, Coef: 10
Round: 2, Attack Type: Statistical Attack, Error: 0, Time: 0.0845649242401123, NFound: 10, Coef: 10
