Round: 1, Attack Type: Statistical Attack, Error: 0, Time: 0.08185005187988281, NFound: 5, Coef: 8
Round: 2, Attack Type: Statistical Attack, Error: 0, Time: 0.07940506935119629, NFound: 10, Coef: 10
