Round: 1, Attack Type: Statistical Attack, Error: 0, Time: 0.10547828674316406, NFound: 5, Coef: 8
Round: 2, Attack Type: Statistical Attack, Error: 0, Time: 0.131364107131958, NFound: 10, Coef: 10
