Round: 1, Attack Type: Statistical Attack, Error: 0, Time: 0.07849812507629395, NFound: 10, Coef: 10
Round: 2, Attack Type: Statistical Attack, Error: 0, Time: 0.0778350830078125, NFound: 10, Coef: 10
