Round: 1, Attack Type: Statistical Attack, Error: 0, Time: 0.07122373580932617, NFound: 10, Coef: 10
Round: 2, Attack Type: Statistical Attack, Error: 0, Time: 0.0862419605255127, NFound: 10, Coef: 10
