Round: 1, Attack Type: Statistical Attack, Error: 0, Time: 0.11212611198425293, NFound: 10, Coef: 10
Round: 2, Attack Type: Statistical Attack, Error: 0, Time: 0.1035299301147461, NFound: 10, Coef: 10
