Round: 1, Attack Type: Statistical Attack, Error: 0, Time: 0.07599997520446777, NFound: 10, Coef: 10
Round: 2, Attack Type: Statistical Attack, Error: 0, Time: 0.08877897262573242, NFound: 10, Coef: 10
