Round: 1, Attack Type: Statistical Attack, Error: 0, Time: 0.0822610855102539, NFound: 5, Coef: 8
Round: 2, Attack Type: Statistical Attack, Error: 0, Time: 0.07730507850646973, NFound: 10, Coef: 10
