Round: 1, Attack Type: Statistical Attack, Error: 0, Time: 0.07222318649291992, NFound: 5, Coef: 8
Round: 2, Attack Type: Statistical Attack, Error: 0, Time: 0.08540987968444824, NFound: 10, Coef: 10
