Round: 1, Attack Type: Statistical Attack, Error: 0, Time: 0.07370495796203613, NFound: 9, Coef: 8
Round: 2, Attack Type: Statistical Attack, Error: 0, Time: 0.0871577262878418, NFound: 9, Coef: 8
