Round: 1, Attack Type: Statistical Attack, Error: 0, Time: 0.0831749439239502, NFound: 10, Coef: 10
Round: 2, Attack Type: Statistical Attack, Error: 0, Time: 0.11905884742736816, NFound: 10, Coef: 10
