Round: 1, Attack Type: Statistical Attack, Error: 0, Time: 0.09824109077453613, NFound: 10, Coef: 10
Round: 2, Attack Type: Statistical Attack, Error: 0, Time: 0.10278511047363281, NFound: 10, Coef: 10
