Round: 1, Attack Type: Statistical Attack, Error: 0, Time: 0.07679986953735352, NFound: 5, Coef: 8
Round: 2, Attack Type: Statistical Attack, Error: 0, Time: 0.08901500701904297, NFound: 10, Coef: 10
