Round: 1, Attack Type: Statistical Attack, Error: 0, Time: 0.07811880111694336, NFound: 10, Coef: 10
Round: 2, Attack Type: Statistical Attack, Error: 0, Time: 0.08767199516296387, NFound: 10, Coef: 10
