Round: 1, Attack Type: Statistical Attack, Error: 0, Time: 0.07168793678283691, NFound: 9, Coef: 8
Round: 2, Attack Type: Statistical Attack, Error: 0, Time: 0.07612299919128418, NFound: 10, Coef: 10
