Round: 1, Attack Type: Statistical Attack, Error: 0, Time: 0.0846548080444336, NFound: 5, Coef: 8
Round: 2, Attack Type: Statistical Attack, Error: 0, Time: 0.09478282928466797, NFound: 10, Coef: 10
