Round: 1, Attack Type: Statistical Attack, Error: 0, Time: 0.06932711601257324, NFound: 5, Coef: 8
Round: 2, Attack Type: Statistical Attack, Error: 0, Time: 0.0743710994720459, NFound: 10, Coef: 10
