Round: 1, Attack Type: Statistical Attack, Error: 0, Time: 0.08385992050170898, NFound: 5, Coef: 8
Round: 2, Attack Type: Statistical Attack, Error: 0, Time: 0.08200716972351074, NFound: 10, Coef: 10
