Round: 1, Attack Type: Statistical Attack, Error: 0, Time: 0.07699894905090332, NFound: 5, Coef: 8
Round: 2, Attack Type: Statistical Attack, Error: 0, Time: 0.08890295028686523, NFound: 10, Coef: 10
