Round: 1, Attack Type: Statistical Attack, Error: 0, Time: 0.0751039981842041, NFound: 10, Coef: 10
Round: 2, Attack Type: Statistical Attack, Error: 0, Time: 0.08612203598022461, NFound: 10, Coef: 10
