Round: 1, Attack Type: Statistical Attack, Error: 0, Time: 0.0772557258605957, NFound: 5, Coef: 8
Round: 2, Attack Type: Statistical Attack, Error: 0, Time: 0.08084297180175781, NFound: 10, Coef: 10
