Round: 1, Attack Type: Statistical Attack, Error: 0, Time: 0.07821011543273926, NFound: 10, Coef: 10
Round: 2, Attack Type: Statistical Attack, Error: 0, Time: 0.07864809036254883, NFound: 10, Coef: 10
