Round: 1, Attack Type: Statistical Attack, Error: 0, Time: 0.07936978340148926, NFound: 10, Coef: 10
Round: 2, Attack Type: Statistical Attack, Error: 0, Time: 0.07484221458435059, NFound: 10, Coef: 10
