Round: 1, Attack Type: Statistical Attack, Error: 0, Time: 0.07481503486633301, NFound: 10, Coef: 10
Round: 2, Attack Type: Statistical Attack, Error: 0, Time: 0.08184981346130371, NFound: 10, Coef: 10
