Round: 1, Attack Type: Statistical Attack, Error: 0, Time: 0.18196702003479004, NFound: 5, Coef: 8
Round: 2, Attack Type: Statistical Attack, Error: 0, Time: 0.20736908912658691, NFound: 10, Coef: 10
