Round: 1, Attack Type: Statistical Attack, Error: 0, Time: 0.07570266723632812, NFound: 5, Coef: 8
Round: 2, Attack Type: Statistical Attack, Error: 0, Time: 0.07506418228149414, NFound: 10, Coef: 10
