Round: 1, Attack Type: Statistical Attack, Error: 0, Time: 0.07648777961730957, NFound: 5, Coef: 8
Round: 2, Attack Type: Statistical Attack, Error: 0, Time: 0.0838158130645752, NFound: 10, Coef: 10
