Round: 1, Attack Type: Statistical Attack, Error: 0, Time: 0.07157206535339355, NFound: 10, Coef: 10
Round: 2, Attack Type: Statistical Attack, Error: 0, Time: 0.08654212951660156, NFound: 10, Coef: 10
