Round: 1, Attack Type: Statistical Attack, Error: 0, Time: 0.07373285293579102, NFound: 5, Coef: 8
Round: 2, Attack Type: Statistical Attack, Error: 0, Time: 0.07536482810974121, NFound: 10, Coef: 10
