Round: 1, Attack Type: Statistical Attack, Error: 0, Time: 0.08403396606445312, NFound: 10, Coef: 10
Round: 2, Attack Type: Statistical Attack, Error: 0, Time: 0.0816030502319336, NFound: 10, Coef: 10
