Round: 1, Attack Type: Statistical Attack, Error: 0, Time: 0.06824994087219238, NFound: 10, Coef: 10
Round: 2, Attack Type: Statistical Attack, Error: 0, Time: 0.08747124671936035, NFound: 10, Coef: 10
