Round: 1, Attack Type: Statistical Attack, Error: 0, Time: 0.09393000602722168, NFound: 10, Coef: 10
Round: 2, Attack Type: Statistical Attack, Error: 0, Time: 0.11094498634338379, NFound: 10, Coef: 10
