Round: 1, Attack Type: Statistical Attack, Error: 0, Time: 0.0785360336303711, NFound: 10, Coef: 10
Round: 2, Attack Type: Statistical Attack, Error: 0, Time: 0.08700203895568848, NFound: 10, Coef: 10
