Round: 1, Attack Type: Statistical Attack, Error: 0, Time: 0.07625508308410645, NFound: 5, Coef: 8
Round: 2, Attack Type: Statistical Attack, Error: 0, Time: 0.08344602584838867, NFound: 10, Coef: 10
