Round: 1, Attack Type: Statistical Attack, Error: 0, Time: 0.0769810676574707, NFound: 10, Coef: 10
Round: 2, Attack Type: Statistical Attack, Error: 0, Time: 0.08742976188659668, NFound: 10, Coef: 10
