Round: 1, Attack Type: Statistical Attack, Error: 0, Time: 0.07083916664123535, NFound: 10, Coef: 10
Round: 2, Attack Type: Statistical Attack, Error: 0, Time: 0.08799505233764648, NFound: 10, Coef: 10
