Round: 1, Attack Type: Statistical Attack, Error: 0, Time: 0.0721747875213623, NFound: 10, Coef: 10
Round: 2, Attack Type: Statistical Attack, Error: 0, Time: 0.08294486999511719, NFound: 10, Coef: 10
