Round: 1, Attack Type: Statistical Attack, Error: 0, Time: 0.08048892021179199, NFound: 9, Coef: 8
Round: 2, Attack Type: Statistical Attack, Error: 0, Time: 0.08292102813720703, NFound: 10, Coef: 10
