Round: 1, Attack Type: Statistical Attack, Error: 0, Time: 0.07674431800842285, NFound: 5, Coef: 8
Round: 2, Attack Type: Statistical Attack, Error: 0, Time: 0.08264303207397461, NFound: 10, Coef: 10
