Round: 1, Attack Type: Statistical Attack, Error: 0, Time: 0.10631990432739258, NFound: 5, Coef: 8
Round: 2, Attack Type: Statistical Attack, Error: 0, Time: 0.08662915229797363, NFound: 10, Coef: 10
