Round: 1, Attack Type: Statistical Attack, Error: 0, Time: 0.08814501762390137, NFound: 10, Coef: 10
Round: 2, Attack Type: Statistical Attack, Error: 0, Time: 0.0792388916015625, NFound: 10, Coef: 10
