Round: 1, Attack Type: Statistical Attack, Error: 0, Time: 0.0968320369720459, NFound: 10, Coef: 10
Round: 2, Attack Type: Statistical Attack, Error: 0, Time: 0.10019588470458984, NFound: 10, Coef: 10
