Round: 1, Attack Type: Statistical Attack, Error: 0, Time: 0.09731411933898926, NFound: 9, Coef: 8
Round: 2, Attack Type: Statistical Attack, Error: 0, Time: 0.09085512161254883, NFound: 10, Coef: 10
