Round: 1, Attack Type: Statistical Attack, Error: 0, Time: 0.0620729923248291, NFound: 5, Coef: 8
Round: 2, Attack Type: Statistical Attack, Error: 0, Time: 0.06386995315551758, NFound: 10, Coef: 10
