Round: 1, Attack Type: Statistical Attack, Error: 0, Time: 0.07693791389465332, NFound: 10, Coef: 10
Round: 2, Attack Type: Statistical Attack, Error: 0, Time: 0.08254623413085938, NFound: 10, Coef: 10
