Round: 1, Attack Type: Statistical Attack, Error: 0, Time: 0.08670997619628906, NFound: 10, Coef: 10
Round: 2, Attack Type: Statistical Attack, Error: 0, Time: 0.09650087356567383, NFound: 10, Coef: 10
