Round: 1, Attack Type: Statistical Attack, Error: 0, Time: 0.09042716026306152, NFound: 5, Coef: 8
Round: 2, Attack Type: Statistical Attack, Error: 0, Time: 0.09683990478515625, NFound: 10, Coef: 10
