Round: 1, Attack Type: Statistical Attack, Error: 0, Time: 0.10543107986450195, NFound: 5, Coef: 8
Round: 2, Attack Type: Statistical Attack, Error: 0, Time: 0.08162283897399902, NFound: 10, Coef: 10
