Round: 1, Attack Type: Statistical Attack, Error: 0, Time: 0.06296515464782715, NFound: 10, Coef: 10
Round: 2, Attack Type: Statistical Attack, Error: 0, Time: 0.06920909881591797, NFound: 10, Coef: 10
