Round: 1, Attack Type: Statistical Attack, Error: 0, Time: 0.06776309013366699, NFound: 10, Coef: 10
Round: 2, Attack Type: Statistical Attack, Error: 0, Time: 0.07438969612121582, NFound: 10, Coef: 10
