Round: 1, Attack Type: Statistical Attack, Error: 0, Time: 0.09298586845397949, NFound: 5, Coef: 8
Round: 2, Attack Type: Statistical Attack, Error: 0, Time: 0.10498929023742676, NFound: 10, Coef: 10
