Round: 1, Attack Type: Statistical Attack, Error: 0, Time: 0.07639193534851074, NFound: 10, Coef: 10
Round: 2, Attack Type: Statistical Attack, Error: 0, Time: 0.08275318145751953, NFound: 10, Coef: 10
