Round: 1, Attack Type: Statistical Attack, Error: 0, Time: 0.08173632621765137, NFound: 5, Coef: 8
Round: 2, Attack Type: Statistical Attack, Error: 0, Time: 0.08460021018981934, NFound: 10, Coef: 10
