Round: 1, Attack Type: Statistical Attack, Error: 0, Time: 0.08626484870910645, NFound: 10, Coef: 10
Round: 2, Attack Type: Statistical Attack, Error: 0, Time: 0.09603524208068848, NFound: 10, Coef: 10
