Round: 1, Attack Type: Statistical Attack, Error: 0, Time: 0.07533597946166992, NFound: 10, Coef: 10
Round: 2, Attack Type: Statistical Attack, Error: 0, Time: 0.08341026306152344, NFound: 10, Coef: 10
