Round: 1, Attack Type: Statistical Attack, Error: 0, Time: 0.08431482315063477, NFound: 5, Coef: 8
Round: 2, Attack Type: Statistical Attack, Error: 0, Time: 0.15107297897338867, NFound: 10, Coef: 10
