Round: 1, Attack Type: Statistical Attack, Error: 0, Time: 0.07901620864868164, NFound: 5, Coef: 8
Round: 2, Attack Type: Statistical Attack, Error: 0, Time: 0.07660794258117676, NFound: 10, Coef: 10
