Round: 1, Attack Type: Statistical Attack, Error: 0, Time: 0.09626603126525879, NFound: 5, Coef: 8
Round: 2, Attack Type: Statistical Attack, Error: 0, Time: 0.09747099876403809, NFound: 10, Coef: 10
