Round: 1, Attack Type: Statistical Attack, Error: 0, Time: 1.6893541812896729, NFound: 10, Coef: 10
Round: 2, Attack Type: Statistical Attack, Error: 0, Time: 0.0850973129272461, NFound: 10, Coef: 10
