Round: 1, Attack Type: Statistical Attack, Error: 0, Time: 0.07396793365478516, NFound: 10, Coef: 10
Round: 2, Attack Type: Statistical Attack, Error: 0, Time: 0.08036398887634277, NFound: 10, Coef: 10
