Round: 1, Attack Type: Statistical Attack, Error: 0, Time: 0.07783293724060059, NFound: 10, Coef: 10
Round: 2, Attack Type: Statistical Attack, Error: 0, Time: 0.0784158706665039, NFound: 10, Coef: 10
