Round: 1, Attack Type: Statistical Attack, Error: 0, Time: 0.07315301895141602, NFound: 10, Coef: 10
Round: 2, Attack Type: Statistical Attack, Error: 0, Time: 0.1308150291442871, NFound: 10, Coef: 10
