Round: 1, Attack Type: Statistical Attack, Error: 0, Time: 0.07350587844848633, NFound: 5, Coef: 8
Round: 2, Attack Type: Statistical Attack, Error: 0, Time: 0.08321309089660645, NFound: 10, Coef: 10
