Round: 1, Attack Type: Statistical Attack, Error: 0, Time: 0.06356310844421387, NFound: 5, Coef: 8
Round: 2, Attack Type: Statistical Attack, Error: 0, Time: 0.06731986999511719, NFound: 10, Coef: 10
