Round: 1, Attack Type: Statistical Attack, Error: 0, Time: 0.07950091361999512, NFound: 10, Coef: 10
Round: 2, Attack Type: Statistical Attack, Error: 0, Time: 0.07590699195861816, NFound: 10, Coef: 10
