Round: 1, Attack Type: Statistical Attack, Error: 0, Time: 0.07856297492980957, NFound: 10, Coef: 10
Round: 2, Attack Type: Statistical Attack, Error: 0, Time: 0.07802915573120117, NFound: 10, Coef: 10
