Round: 1, Attack Type: Statistical Attack, Error: 0, Time: 0.07448911666870117, NFound: 5, Coef: 8
Round: 2, Attack Type: Statistical Attack, Error: 0, Time: 0.09057807922363281, NFound: 10, Coef: 10
