Round: 1, Attack Type: Statistical Attack, Error: 0, Time: 0.07595014572143555, NFound: 10, Coef: 10
Round: 2, Attack Type: Statistical Attack, Error: 0, Time: 0.08293390274047852, NFound: 10, Coef: 10
