Round: 1, Attack Type: Statistical Attack, Error: 0, Time: 0.10615777969360352, NFound: 10, Coef: 10
Round: 2, Attack Type: Statistical Attack, Error: 0, Time: 0.1199808120727539, NFound: 10, Coef: 10
