Round: 1, Attack Type: Statistical Attack, Error: 0, Time: 0.10565590858459473, NFound: 5, Coef: 8
Round: 2, Attack Type: Statistical Attack, Error: 0, Time: 0.0965111255645752, NFound: 10, Coef: 10
