Round: 1, Attack Type: Statistical Attack, Error: 0, Time: 0.07720589637756348, NFound: 5, Coef: 8
Round: 2, Attack Type: Statistical Attack, Error: 0, Time: 0.08856511116027832, NFound: 10, Coef: 10
