Round: 1, Attack Type: Statistical Attack, Error: 0, Time: 0.07597994804382324, NFound: 10, Coef: 10
Round: 2, Attack Type: Statistical Attack, Error: 0, Time: 0.0815889835357666, NFound: 10, Coef: 10
