Round: 1, Attack Type: Statistical Attack, Error: 0, Time: 0.07417416572570801, NFound: 10, Coef: 10
Round: 2, Attack Type: Statistical Attack, Error: 0, Time: 0.07772684097290039, NFound: 10, Coef: 10
