Round: 1, Attack Type: Statistical Attack, Error: 0, Time: 0.1226661205291748, NFound: 10, Coef: 10
Round: 2, Attack Type: Statistical Attack, Error: 0, Time: 0.12001776695251465, NFound: 9, Coef: 8
