Round: 1, Attack Type: Statistical Attack, Error: 0, Time: 0.06639409065246582, NFound: 10, Coef: 10
Round: 2, Attack Type: Statistical Attack, Error: 0, Time: 0.08017897605895996, NFound: 10, Coef: 10
