Round: 1, Attack Type: Statistical Attack, Error: 0, Time: 0.09696698188781738, NFound: 5, Coef: 8
Round: 2, Attack Type: Statistical Attack, Error: 0, Time: 0.10790777206420898, NFound: 10, Coef: 10
