Round: 1, Attack Type: Statistical Attack, Error: 0, Time: 0.06526732444763184, NFound: 10, Coef: 10
Round: 2, Attack Type: Statistical Attack, Error: 0, Time: 0.08698487281799316, NFound: 10, Coef: 10
