Round: 1, Attack Type: Statistical Attack, Error: 0, Time: 0.07528424263000488, NFound: 5, Coef: 8
Round: 2, Attack Type: Statistical Attack, Error: 0, Time: 0.08240008354187012, NFound: 10, Coef: 10
