Round: 1, Attack Type: Statistical Attack, Error: 0, Time: 0.09954833984375, NFound: 5, Coef: 8
Round: 2, Attack Type: Statistical Attack, Error: 0, Time: 0.11318111419677734, NFound: 10, Coef: 10
