Round: 1, Attack Type: Statistical Attack, Error: 0, Time: 0.07786798477172852, NFound: 10, Coef: 10
Round: 2, Attack Type: Statistical Attack, Error: 0, Time: 0.08036494255065918, NFound: 10, Coef: 10
