Round: 1, Attack Type: Statistical Attack, Error: 0, Time: 0.08507895469665527, NFound: 5, Coef: 8
Round: 2, Attack Type: Statistical Attack, Error: 0, Time: 0.10973310470581055, NFound: 10, Coef: 10
