Round: 1, Attack Type: Statistical Attack, Error: 0, Time: 0.07376718521118164, NFound: 10, Coef: 10
Round: 2, Attack Type: Statistical Attack, Error: 0, Time: 0.08222007751464844, NFound: 10, Coef: 10
