Round: 1, Attack Type: Statistical Attack, Error: 0, Time: 0.06656479835510254, NFound: 10, Coef: 10
Round: 2, Attack Type: Statistical Attack, Error: 0, Time: 0.07238292694091797, NFound: 10, Coef: 10
