Round: 1, Attack Type: Statistical Attack, Error: 0, Time: 0.08705830574035645, NFound: 10, Coef: 10
Round: 2, Attack Type: Statistical Attack, Error: 0, Time: 0.08768391609191895, NFound: 10, Coef: 10
