Round: 1, Attack Type: Statistical Attack, Error: 0, Time: 0.08061790466308594, NFound: 5, Coef: 8
Round: 2, Attack Type: Statistical Attack, Error: 0, Time: 0.08094120025634766, NFound: 10, Coef: 10
