Round: 1, Attack Type: Statistical Attack, Error: 0, Time: 0.08360028266906738, NFound: 10, Coef: 10
Round: 2, Attack Type: Statistical Attack, Error: 0, Time: 0.09551477432250977, NFound: 9, Coef: 8
