Round: 1, Attack Type: Statistical Attack, Error: 0, Time: 0.09167003631591797, NFound: 10, Coef: 10
Round: 2, Attack Type: Statistical Attack, Error: 0, Time: 0.09895610809326172, NFound: 10, Coef: 10
