Round: 1, Attack Type: Statistical Attack, Error: 0, Time: 0.09172296524047852, NFound: 10, Coef: 10
Round: 2, Attack Type: Statistical Attack, Error: 0, Time: 0.0997622013092041, NFound: 10, Coef: 10
