Round: 1, Attack Type: Statistical Attack, Error: 0, Time: 0.056833744049072266, NFound: 10, Coef: 10
Round: 2, Attack Type: Statistical Attack, Error: 0, Time: 0.0716402530670166, NFound: 10, Coef: 10
