Round: 1, Attack Type: Statistical Attack, Error: 0, Time: 0.09537267684936523, NFound: 10, Coef: 10
Round: 2, Attack Type: Statistical Attack, Error: 0, Time: 0.1077718734741211, NFound: 10, Coef: 10
