Round: 1, Attack Type: Statistical Attack, Error: 0, Time: 0.07624602317810059, NFound: 5, Coef: 8
Round: 2, Attack Type: Statistical Attack, Error: 0, Time: 0.07955408096313477, NFound: 10, Coef: 10
