Round: 1, Attack Type: Statistical Attack, Error: 0, Time: 0.07608199119567871, NFound: 10, Coef: 10
Round: 2, Attack Type: Statistical Attack, Error: 0, Time: 0.09030294418334961, NFound: 10, Coef: 10
