Round: 1, Attack Type: Statistical Attack, Error: 0, Time: 0.07916688919067383, NFound: 10, Coef: 10
Round: 2, Attack Type: Statistical Attack, Error: 0, Time: 0.07959794998168945, NFound: 10, Coef: 10
