Round: 1, Attack Type: Statistical Attack, Error: 0, Time: 0.06373405456542969, NFound: 5, Coef: 8
Round: 2, Attack Type: Statistical Attack, Error: 0, Time: 0.06479883193969727, NFound: 10, Coef: 10
