Round: 1, Attack Type: Statistical Attack, Error: 0, Time: 0.08432483673095703, NFound: 10, Coef: 10
Round: 2, Attack Type: Statistical Attack, Error: 0, Time: 0.0886237621307373, NFound: 10, Coef: 10
