Round: 1, Attack Type: Statistical Attack, Error: 0, Time: 0.09997797012329102, NFound: 10, Coef: 10
Round: 2, Attack Type: Statistical Attack, Error: 0, Time: 0.1221628189086914, NFound: 10, Coef: 10
