Round: 1, Attack Type: Statistical Attack, Error: 0, Time: 0.05994606018066406, NFound: 5, Coef: 8
Round: 2, Attack Type: Statistical Attack, Error: 0, Time: 0.06500816345214844, NFound: 10, Coef: 10
