Round: 1, Attack Type: Statistical Attack, Error: 0, Time: 0.21727991104125977, NFound: 10, Coef: 10
Round: 2, Attack Type: Statistical Attack, Error: 0, Time: 0.11443400382995605, NFound: 10, Coef: 10
