Round: 1, Attack Type: Statistical Attack, Error: 0, Time: 0.08620691299438477, NFound: 10, Coef: 10
Round: 2, Attack Type: Statistical Attack, Error: 0, Time: 0.08302783966064453, NFound: 10, Coef: 10
