Round: 1, Attack Type: Statistical Attack, Error: 0, Time: 0.08925199508666992, NFound: 5, Coef: 8
Round: 2, Attack Type: Statistical Attack, Error: 0, Time: 0.08868694305419922, NFound: 10, Coef: 10
