Round: 1, Attack Type: Statistical Attack, Error: 0, Time: 0.07304787635803223, NFound: 10, Coef: 10
Round: 2, Attack Type: Statistical Attack, Error: 0, Time: 0.07660889625549316, NFound: 10, Coef: 10
