Round: 1, Attack Type: Statistical Attack, Error: 0, Time: 0.07605600357055664, NFound: 10, Coef: 10
Round: 2, Attack Type: Statistical Attack, Error: 0, Time: 0.07300496101379395, NFound: 10, Coef: 10
