Round: 1, Attack Type: Statistical Attack, Error: 0, Time: 0.0850989818572998, NFound: 5, Coef: 8
Round: 2, Attack Type: Statistical Attack, Error: 0, Time: 0.09666991233825684, NFound: 10, Coef: 10
