Round: 1, Attack Type: Statistical Attack, Error: 0, Time: 0.0717167854309082, NFound: 5, Coef: 8
Round: 2, Attack Type: Statistical Attack, Error: 0, Time: 0.07447195053100586, NFound: 10, Coef: 10
