Round: 1, Attack Type: Statistical Attack, Error: 0, Time: 0.08517193794250488, NFound: 10, Coef: 10
Round: 2, Attack Type: Statistical Attack, Error: 0, Time: 0.1001579761505127, NFound: 10, Coef: 10
