Round: 1, Attack Type: Statistical Attack, Error: 0, Time: 0.07157421112060547, NFound: 5, Coef: 8
Round: 2, Attack Type: Statistical Attack, Error: 0, Time: 0.08773398399353027, NFound: 10, Coef: 10
