Round: 1, Attack Type: Statistical Attack, Error: 0, Time: 0.0775909423828125, NFound: 9, Coef: 8
Round: 2, Attack Type: Statistical Attack, Error: 0, Time: 0.08790111541748047, NFound: 9, Coef: 8
