Round: 1, Attack Type: Statistical Attack, Error: 0, Time: 0.07532596588134766, NFound: 5, Coef: 8
Round: 2, Attack Type: Statistical Attack, Error: 0, Time: 0.08195781707763672, NFound: 10, Coef: 10
