Round: 1, Attack Type: Statistical Attack, Error: 0, Time: 0.1008601188659668, NFound: 5, Coef: 8
Round: 2, Attack Type: Statistical Attack, Error: 0, Time: 0.10008907318115234, NFound: 10, Coef: 10
