Round: 1, Attack Type: Statistical Attack, Error: 0, Time: 0.08158087730407715, NFound: 10, Coef: 10
Round: 2, Attack Type: Statistical Attack, Error: 0, Time: 0.08601498603820801, NFound: 10, Coef: 10
