Round: 1, Attack Type: Statistical Attack, Error: 0, Time: 0.08630180358886719, NFound: 10, Coef: 10
Round: 2, Attack Type: Statistical Attack, Error: 0, Time: 0.1423931121826172, NFound: 10, Coef: 10
