Round: 1, Attack Type: Statistical Attack, Error: 0, Time: 0.07826709747314453, NFound: 5, Coef: 8
Round: 2, Attack Type: Statistical Attack, Error: 0, Time: 0.08106207847595215, NFound: 10, Coef: 10
