Round: 1, Attack Type: Statistical Attack, Error: 0, Time: 0.08910202980041504, NFound: 5, Coef: 8
Round: 2, Attack Type: Statistical Attack, Error: 0, Time: 0.09112405776977539, NFound: 10, Coef: 10
