Round: 1, Attack Type: Statistical Attack, Error: 0, Time: 0.07913398742675781, NFound: 10, Coef: 10
Round: 2, Attack Type: Statistical Attack, Error: 0, Time: 0.08205199241638184, NFound: 10, Coef: 10
