Round: 1, Attack Type: Statistical Attack, Error: 0, Time: 0.07479667663574219, NFound: 10, Coef: 10
Round: 2, Attack Type: Statistical Attack, Error: 0, Time: 0.08112001419067383, NFound: 10, Coef: 10
