Round: 1, Attack Type: Statistical Attack, Error: 0, Time: 0.08296990394592285, NFound: 5, Coef: 8
Round: 2, Attack Type: Statistical Attack, Error: 0, Time: 0.08130788803100586, NFound: 10, Coef: 10
