Round: 1, Attack Type: Statistical Attack, Error: 0, Time: 0.07966899871826172, NFound: 10, Coef: 10
Round: 2, Attack Type: Statistical Attack, Error: 0, Time: 0.08384299278259277, NFound: 10, Coef: 10
