Round: 1, Attack Type: Statistical Attack, Error: 0, Time: 0.09723591804504395, NFound: 5, Coef: 8
Round: 2, Attack Type: Statistical Attack, Error: 0, Time: 0.1045370101928711, NFound: 10, Coef: 10
