Round: 1, Attack Type: Statistical Attack, Error: 0, Time: 0.07409787178039551, NFound: 5, Coef: 8
Round: 2, Attack Type: Statistical Attack, Error: 0, Time: 0.07585000991821289, NFound: 10, Coef: 10
