Round: 1, Attack Type: Statistical Attack, Error: 0, Time: 0.0716860294342041, NFound: 10, Coef: 10
Round: 2, Attack Type: Statistical Attack, Error: 0, Time: 0.08447909355163574, NFound: 10, Coef: 10
