Round: 1, Attack Type: Statistical Attack, Error: 0, Time: 0.06893086433410645, NFound: 5, Coef: 8
Round: 2, Attack Type: Statistical Attack, Error: 0, Time: 0.08595919609069824, NFound: 10, Coef: 10
