Round: 1, Attack Type: Statistical Attack, Error: 0, Time: 0.07212686538696289, NFound: 10, Coef: 10
Round: 2, Attack Type: Statistical Attack, Error: 0, Time: 0.09007883071899414, NFound: 10, Coef: 10
