Round: 1, Attack Type: Statistical Attack, Error: 0, Time: 0.0759119987487793, NFound: 10, Coef: 10
Round: 2, Attack Type: Statistical Attack, Error: 0, Time: 0.07683992385864258, NFound: 10, Coef: 10
