Round: 1, Attack Type: Statistical Attack, Error: 0, Time: 0.058913230895996094, NFound: 5, Coef: 8
Round: 2, Attack Type: Statistical Attack, Error: 0, Time: 0.0609281063079834, NFound: 10, Coef: 10
