Round: 1, Attack Type: Statistical Attack, Error: 0, Time: 0.07693791389465332, NFound: 10, Coef: 10
Round: 2, Attack Type: Statistical Attack, Error: 0, Time: 0.07718610763549805, NFound: 10, Coef: 10
