Round: 1, Attack Type: Statistical Attack, Error: 0, Time: 0.09673905372619629, NFound: 10, Coef: 10
Round: 2, Attack Type: Statistical Attack, Error: 0, Time: 0.10669088363647461, NFound: 10, Coef: 10
