Round: 1, Attack Type: Statistical Attack, Error: 0, Time: 0.05962228775024414, NFound: 10, Coef: 10
Round: 2, Attack Type: Statistical Attack, Error: 0, Time: 0.06675291061401367, NFound: 10, Coef: 10
