Round: 1, Attack Type: Statistical Attack, Error: 0, Time: 0.07282209396362305, NFound: 5, Coef: 8
Round: 2, Attack Type: Statistical Attack, Error: 0, Time: 0.0758812427520752, NFound: 10, Coef: 10
