Round: 1, Attack Type: Statistical Attack, Error: 0, Time: 0.11039614677429199, NFound: 5, Coef: 8
Round: 2, Attack Type: Statistical Attack, Error: 0, Time: 0.11150884628295898, NFound: 10, Coef: 10
