Round: 1, Attack Type: Statistical Attack, Error: 0, Time: 0.07557082176208496, NFound: 5, Coef: 8
Round: 2, Attack Type: Statistical Attack, Error: 0, Time: 0.08166909217834473, NFound: 10, Coef: 10
