Round: 1, Attack Type: Statistical Attack, Error: 0, Time: 0.07685399055480957, NFound: 5, Coef: 8
Round: 2, Attack Type: Statistical Attack, Error: 0, Time: 0.07921314239501953, NFound: 10, Coef: 10
