Round: 1, Attack Type: Statistical Attack, Error: 0, Time: 0.07963871955871582, NFound: 5, Coef: 8
Round: 2, Attack Type: Statistical Attack, Error: 0, Time: 0.0817711353302002, NFound: 10, Coef: 10
