Round: 1, Attack Type: Statistical Attack, Error: 0, Time: 0.07228994369506836, NFound: 5, Coef: 8
Round: 2, Attack Type: Statistical Attack, Error: 0, Time: 0.08438706398010254, NFound: 10, Coef: 10
