Round: 1, Attack Type: Statistical Attack, Error: 0, Time: 0.0862131118774414, NFound: 10, Coef: 10
Round: 2, Attack Type: Statistical Attack, Error: 0, Time: 0.09144210815429688, NFound: 10, Coef: 10
