Round: 1, Attack Type: Statistical Attack, Error: 0, Time: 0.068145751953125, NFound: 10, Coef: 10
Round: 2, Attack Type: Statistical Attack, Error: 0, Time: 0.07621979713439941, NFound: 10, Coef: 10
