Round: 1, Attack Type: Statistical Attack, Error: 0, Time: 0.07680702209472656, NFound: 10, Coef: 10
Round: 2, Attack Type: Statistical Attack, Error: 0, Time: 0.07554912567138672, NFound: 10, Coef: 10
