Round: 1, Attack Type: Statistical Attack, Error: 0, Time: 0.10498189926147461, NFound: 5, Coef: 8
Round: 2, Attack Type: Statistical Attack, Error: 0, Time: 0.11269807815551758, NFound: 10, Coef: 10
