Round: 1, Attack Type: Statistical Attack, Error: 0, Time: 0.10942983627319336, NFound: 5, Coef: 8
Round: 2, Attack Type: Statistical Attack, Error: 0, Time: 0.13499808311462402, NFound: 10, Coef: 10
