Round: 1, Attack Type: Statistical Attack, Error: 0, Time: 0.09083175659179688, NFound: 5, Coef: 8
Round: 2, Attack Type: Statistical Attack, Error: 0, Time: 0.10187888145446777, NFound: 10, Coef: 10
