Round: 1, Attack Type: Statistical Attack, Error: 0, Time: 0.10909605026245117, NFound: 5, Coef: 8
Round: 2, Attack Type: Statistical Attack, Error: 0, Time: 0.1087028980255127, NFound: 10, Coef: 10
