Round: 1, Attack Type: Statistical Attack, Error: 0, Time: 0.09668302536010742, NFound: 10, Coef: 10
Round: 2, Attack Type: Statistical Attack, Error: 0, Time: 0.11611533164978027, NFound: 10, Coef: 10
