Round: 1, Attack Type: Statistical Attack, Error: 0, Time: 0.06942009925842285, NFound: 5, Coef: 8
Round: 2, Attack Type: Statistical Attack, Error: 0, Time: 0.08044099807739258, NFound: 10, Coef: 10
