Round: 1, Attack Type: Statistical Attack, Error: 0, Time: 0.07777714729309082, NFound: 10, Coef: 10
Round: 2, Attack Type: Statistical Attack, Error: 0, Time: 0.07675600051879883, NFound: 10, Coef: 10
