Round: 1, Attack Type: Statistical Attack, Error: 0, Time: 0.09900593757629395, NFound: 5, Coef: 8
Round: 2, Attack Type: Statistical Attack, Error: 0, Time: 0.09937787055969238, NFound: 10, Coef: 10
