Round: 1, Attack Type: Statistical Attack, Error: 0, Time: 0.10340094566345215, NFound: 10, Coef: 10
Round: 2, Attack Type: Statistical Attack, Error: 0, Time: 0.1025841236114502, NFound: 10, Coef: 10
