Round: 1, Attack Type: Statistical Attack, Error: 0, Time: 0.08186912536621094, NFound: 10, Coef: 10
Round: 2, Attack Type: Statistical Attack, Error: 0, Time: 0.09331178665161133, NFound: 10, Coef: 10
