Round: 1, Attack Type: Statistical Attack, Error: 0, Time: 0.08394312858581543, NFound: 5, Coef: 8
Round: 2, Attack Type: Statistical Attack, Error: 0, Time: 0.09192681312561035, NFound: 10, Coef: 10
