Round: 1, Attack Type: Statistical Attack, Error: 0, Time: 0.07338809967041016, NFound: 10, Coef: 10
Round: 2, Attack Type: Statistical Attack, Error: 0, Time: 0.07303714752197266, NFound: 10, Coef: 10
