Round: 1, Attack Type: Statistical Attack, Error: 0, Time: 0.09915494918823242, NFound: 10, Coef: 10
Round: 2, Attack Type: Statistical Attack, Error: 0, Time: 0.10518121719360352, NFound: 10, Coef: 10
