Round: 1, Attack Type: Statistical Attack, Error: 0, Time: 0.09180808067321777, NFound: 5, Coef: 8
Round: 2, Attack Type: Statistical Attack, Error: 0, Time: 0.10104608535766602, NFound: 10, Coef: 10
