Round: 1, Attack Type: Statistical Attack, Error: 0, Time: 0.0954740047454834, NFound: 5, Coef: 8
Round: 2, Attack Type: Statistical Attack, Error: 0, Time: 0.09042572975158691, NFound: 10, Coef: 10
