Round: 1, Attack Type: Statistical Attack, Error: 0, Time: 0.12641501426696777, NFound: 9, Coef: 8
Round: 2, Attack Type: Statistical Attack, Error: 0, Time: 0.19778108596801758, NFound: 10, Coef: 10
