Round: 1, Attack Type: Statistical Attack, Error: 0, Time: 0.09220480918884277, NFound: 5, Coef: 8
Round: 2, Attack Type: Statistical Attack, Error: 0, Time: 0.10779690742492676, NFound: 10, Coef: 10
