Round: 1, Attack Type: Statistical Attack, Error: 0, Time: 0.10615396499633789, NFound: 10, Coef: 10
Round: 2, Attack Type: Statistical Attack, Error: 0, Time: 0.11816596984863281, NFound: 9, Coef: 8
