Round: 1, Attack Type: Statistical Attack, Error: 0, Time: 0.08532190322875977, NFound: 5, Coef: 8
Round: 2, Attack Type: Statistical Attack, Error: 0, Time: 0.0804131031036377, NFound: 10, Coef: 10
