Round: 1, Attack Type: Statistical Attack, Error: 0, Time: 0.07483911514282227, NFound: 10, Coef: 10
Round: 2, Attack Type: Statistical Attack, Error: 0, Time: 0.08580207824707031, NFound: 10, Coef: 10
