Round: 1, Attack Type: Statistical Attack, Error: 0, Time: 0.16690278053283691, NFound: 5, Coef: 8
Round: 2, Attack Type: Statistical Attack, Error: 0, Time: 0.13837218284606934, NFound: 10, Coef: 10
