Round: 1, Attack Type: Statistical Attack, Error: 0, Time: 0.0751030445098877, NFound: 5, Coef: 8
Round: 2, Attack Type: Statistical Attack, Error: 0, Time: 0.07909417152404785, NFound: 10, Coef: 10
