Round: 1, Attack Type: Statistical Attack, Error: 0, Time: 0.07850503921508789, NFound: 5, Coef: 8
Round: 2, Attack Type: Statistical Attack, Error: 0, Time: 0.08150196075439453, NFound: 10, Coef: 10
