Round: 1, Attack Type: Statistical Attack, Error: 0, Time: 0.15323090553283691, NFound: 10, Coef: 10
Round: 2, Attack Type: Statistical Attack, Error: 0, Time: 0.10431885719299316, NFound: 10, Coef: 10
