Round: 1, Attack Type: Statistical Attack, Error: 0, Time: 0.0832672119140625, NFound: 5, Coef: 8
Round: 2, Attack Type: Statistical Attack, Error: 0, Time: 0.07452607154846191, NFound: 10, Coef: 10
