Round: 1, Attack Type: Statistical Attack, Error: 0, Time: 0.0643467903137207, NFound: 9, Coef: 8
Round: 2, Attack Type: Statistical Attack, Error: 0, Time: 0.06547307968139648, NFound: 10, Coef: 10
