Round: 1, Attack Type: Statistical Attack, Error: 0, Time: 0.07407999038696289, NFound: 10, Coef: 10
Round: 2, Attack Type: Statistical Attack, Error: 0, Time: 0.08837008476257324, NFound: 10, Coef: 10
