Round: 1, Attack Type: Statistical Attack, Error: 0, Time: 0.0707859992980957, NFound: 5, Coef: 8
Round: 2, Attack Type: Statistical Attack, Error: 0, Time: 0.09403586387634277, NFound: 10, Coef: 10
