Round: 1, Attack Type: Statistical Attack, Error: 0, Time: 0.07838892936706543, NFound: 10, Coef: 10
Round: 2, Attack Type: Statistical Attack, Error: 0, Time: 0.11055111885070801, NFound: 10, Coef: 10
