Round: 1, Attack Type: Statistical Attack, Error: 0, Time: 0.08757615089416504, NFound: 5, Coef: 8
Round: 2, Attack Type: Statistical Attack, Error: 0, Time: 0.09978771209716797, NFound: 10, Coef: 10
