Round: 1, Attack Type: Statistical Attack, Error: 0, Time: 0.07766485214233398, NFound: 5, Coef: 8
Round: 2, Attack Type: Statistical Attack, Error: 0, Time: 0.07559394836425781, NFound: 10, Coef: 10
