Round: 1, Attack Type: Statistical Attack, Error: 0, Time: 0.08581018447875977, NFound: 10, Coef: 10
Round: 2, Attack Type: Statistical Attack, Error: 0, Time: 0.09471297264099121, NFound: 10, Coef: 10
