Round: 1, Attack Type: Statistical Attack, Error: 0, Time: 0.07219481468200684, NFound: 5, Coef: 8
Round: 2, Attack Type: Statistical Attack, Error: 0, Time: 0.08498096466064453, NFound: 10, Coef: 10
