Round: 1, Attack Type: Statistical Attack, Error: 0, Time: 0.10594415664672852, NFound: 10, Coef: 10
Round: 2, Attack Type: Statistical Attack, Error: 0, Time: 0.10661816596984863, NFound: 10, Coef: 10
