Round: 1, Attack Type: Statistical Attack, Error: 0, Time: 0.08447813987731934, NFound: 5, Coef: 8
Round: 2, Attack Type: Statistical Attack, Error: 0, Time: 0.0909578800201416, NFound: 10, Coef: 10
