Round: 1, Attack Type: Statistical Attack, Error: 0, Time: 0.0891420841217041, NFound: 10, Coef: 10
Round: 2, Attack Type: Statistical Attack, Error: 0, Time: 0.08893013000488281, NFound: 10, Coef: 10
