Round: 1, Attack Type: Statistical Attack, Error: 0, Time: 0.07191181182861328, NFound: 5, Coef: 8
Round: 2, Attack Type: Statistical Attack, Error: 0, Time: 0.07528805732727051, NFound: 10, Coef: 10
