Round: 1, Attack Type: Statistical Attack, Error: 0, Time: 0.05768609046936035, NFound: 10, Coef: 10
Round: 2, Attack Type: Statistical Attack, Error: 0, Time: 0.06503987312316895, NFound: 10, Coef: 10
