Round: 1, Attack Type: Statistical Attack, Error: 0, Time: 0.07168698310852051, NFound: 10, Coef: 10
Round: 2, Attack Type: Statistical Attack, Error: 0, Time: 0.08544683456420898, NFound: 10, Coef: 10
