Round: 1, Attack Type: Statistical Attack, Error: 0, Time: 0.07433509826660156, NFound: 5, Coef: 8
Round: 2, Attack Type: Statistical Attack, Error: 0, Time: 0.07570409774780273, NFound: 10, Coef: 10
