Round: 1, Attack Type: Statistical Attack, Error: 0, Time: 0.07506608963012695, NFound: 10, Coef: 10
Round: 2, Attack Type: Statistical Attack, Error: 0, Time: 0.08502197265625, NFound: 10, Coef: 10
