Round: 1, Attack Type: Statistical Attack, Error: 0, Time: 0.07036685943603516, NFound: 10, Coef: 10
Round: 2, Attack Type: Statistical Attack, Error: 0, Time: 0.08255505561828613, NFound: 10, Coef: 10
