Round: 1, Attack Type: Statistical Attack, Error: 0, Time: 0.0760190486907959, NFound: 5, Coef: 8
Round: 2, Attack Type: Statistical Attack, Error: 0, Time: 0.09100198745727539, NFound: 9, Coef: 8
