Round: 1, Attack Type: Statistical Attack, Error: 0, Time: 0.08333301544189453, NFound: 5, Coef: 8
Round: 2, Attack Type: Statistical Attack, Error: 0, Time: 0.09295797348022461, NFound: 10, Coef: 10
