Round: 1, Attack Type: Statistical Attack, Error: 0, Time: 0.07416582107543945, NFound: 10, Coef: 10
Round: 2, Attack Type: Statistical Attack, Error: 0, Time: 0.08439207077026367, NFound: 10, Coef: 10
