Round: 1, Attack Type: Statistical Attack, Error: 0, Time: 1.8354160785675049, NFound: 5, Coef: 8
Round: 2, Attack Type: Statistical Attack, Error: 0, Time: 0.08342790603637695, NFound: 10, Coef: 10
