Round: 1, Attack Type: Statistical Attack, Error: 0, Time: 0.08195209503173828, NFound: 10, Coef: 10
Round: 2, Attack Type: Statistical Attack, Error: 0, Time: 0.09769821166992188, NFound: 10, Coef: 10
