Round: 1, Attack Type: Statistical Attack, Error: 0, Time: 0.06659078598022461, NFound: 10, Coef: 10
Round: 2, Attack Type: Statistical Attack, Error: 0, Time: 0.0744171142578125, NFound: 10, Coef: 10
