Round: 1, Attack Type: Statistical Attack, Error: 0, Time: 0.09499382972717285, NFound: 9, Coef: 8
Round: 2, Attack Type: Statistical Attack, Error: 0, Time: 0.10025691986083984, NFound: 10, Coef: 10
