Round: 1, Attack Type: Statistical Attack, Error: 0, Time: 0.07054805755615234, NFound: 10, Coef: 10
Round: 2, Attack Type: Statistical Attack, Error: 0, Time: 0.08557486534118652, NFound: 10, Coef: 10
