Round: 1, Attack Type: Statistical Attack, Error: 0, Time: 0.08530807495117188, NFound: 5, Coef: 8
Round: 2, Attack Type: Statistical Attack, Error: 0, Time: 0.13321280479431152, NFound: 10, Coef: 10
