Round: 1, Attack Type: Statistical Attack, Error: 0, Time: 0.07458305358886719, NFound: 10, Coef: 10
Round: 2, Attack Type: Statistical Attack, Error: 0, Time: 0.07971000671386719, NFound: 10, Coef: 10
