Round: 1, Attack Type: Statistical Attack, Error: 0, Time: 0.07916116714477539, NFound: 5, Coef: 8
Round: 2, Attack Type: Statistical Attack, Error: 0, Time: 0.07645201683044434, NFound: 10, Coef: 10
