Round: 1, Attack Type: Statistical Attack, Error: 0, Time: 0.06774592399597168, NFound: 10, Coef: 10
Round: 2, Attack Type: Statistical Attack, Error: 0, Time: 0.09428787231445312, NFound: 10, Coef: 10
