Round: 1, Attack Type: Statistical Attack, Error: 0, Time: 0.09453988075256348, NFound: 5, Coef: 8
Round: 2, Attack Type: Statistical Attack, Error: 0, Time: 0.10314393043518066, NFound: 10, Coef: 10
