Round: 1, Attack Type: Statistical Attack, Error: 0, Time: 0.06778979301452637, NFound: 10, Coef: 10
Round: 2, Attack Type: Statistical Attack, Error: 0, Time: 0.07315993309020996, NFound: 10, Coef: 10
