Round: 1, Attack Type: Statistical Attack, Error: 0, Time: 0.07353901863098145, NFound: 10, Coef: 10
Round: 2, Attack Type: Statistical Attack, Error: 0, Time: 0.07883286476135254, NFound: 10, Coef: 10
