Round: 1, Attack Type: Statistical Attack, Error: 0, Time: 0.07627177238464355, NFound: 5, Coef: 8
Round: 2, Attack Type: Statistical Attack, Error: 0, Time: 0.08311915397644043, NFound: 10, Coef: 10
