Round: 1, Attack Type: Statistical Attack, Error: 0, Time: 0.2286379337310791, NFound: 10, Coef: 10
Round: 2, Attack Type: Statistical Attack, Error: 0, Time: 0.10831022262573242, NFound: 10, Coef: 10
