Round: 1, Attack Type: Statistical Attack, Error: 0, Time: 0.07470178604125977, NFound: 9, Coef: 8
Round: 2, Attack Type: Statistical Attack, Error: 0, Time: 0.0831608772277832, NFound: 10, Coef: 10
