Round: 1, Attack Type: Statistical Attack, Error: 0, Time: 0.0822608470916748, NFound: 9, Coef: 8
Round: 2, Attack Type: Statistical Attack, Error: 0, Time: 0.09294629096984863, NFound: 10, Coef: 10
