Round: 1, Attack Type: Statistical Attack, Error: 0, Time: 0.06193208694458008, NFound: 10, Coef: 10
Round: 2, Attack Type: Statistical Attack, Error: 0, Time: 0.06990528106689453, NFound: 10, Coef: 10
