Round: 1, Attack Type: Statistical Attack, Error: 0, Time: 0.09485197067260742, NFound: 10, Coef: 10
Round: 2, Attack Type: Statistical Attack, Error: 0, Time: 0.09634780883789062, NFound: 10, Coef: 10
