Round: 1, Attack Type: Statistical Attack, Error: 0, Time: 0.08167505264282227, NFound: 9, Coef: 8
Round: 2, Attack Type: Statistical Attack, Error: 0, Time: 0.08374190330505371, NFound: 10, Coef: 10
