Round: 1, Attack Type: Statistical Attack, Error: 0, Time: 0.07807087898254395, NFound: 5, Coef: 8
Round: 2, Attack Type: Statistical Attack, Error: 0, Time: 0.08841609954833984, NFound: 10, Coef: 10
