Round: 1, Attack Type: Statistical Attack, Error: 0, Time: 0.08428406715393066, NFound: 10, Coef: 10
Round: 2, Attack Type: Statistical Attack, Error: 0, Time: 0.09212279319763184, NFound: 10, Coef: 10
