Round: 1, Attack Type: Statistical Attack, Error: 0, Time: 0.10190510749816895, NFound: 5, Coef: 8
Round: 2, Attack Type: Statistical Attack, Error: 0, Time: 0.09885072708129883, NFound: 9, Coef: 8
