Round: 1, Attack Type: Statistical Attack, Error: 0, Time: 0.07455301284790039, NFound: 5, Coef: 8
Round: 2, Attack Type: Statistical Attack, Error: 0, Time: 0.08159494400024414, NFound: 10, Coef: 10
