Round: 1, Attack Type: Statistical Attack, Error: 0, Time: 0.0717322826385498, NFound: 5, Coef: 8
Round: 2, Attack Type: Statistical Attack, Error: 0, Time: 0.07504892349243164, NFound: 10, Coef: 10
