Round: 1, Attack Type: Statistical Attack, Error: 0, Time: 0.06360006332397461, NFound: 5, Coef: 8
Round: 2, Attack Type: Statistical Attack, Error: 0, Time: 0.06456112861633301, NFound: 10, Coef: 10
