Round: 1, Attack Type: Statistical Attack, Error: 0, Time: 0.0908348560333252, NFound: 5, Coef: 8
Round: 2, Attack Type: Statistical Attack, Error: 0, Time: 0.0790400505065918, NFound: 10, Coef: 10
