Round: 1, Attack Type: Statistical Attack, Error: 0, Time: 0.10065102577209473, NFound: 10, Coef: 10
Round: 2, Attack Type: Statistical Attack, Error: 0, Time: 0.10883498191833496, NFound: 10, Coef: 10
