Round: 1, Attack Type: Statistical Attack, Error: 0, Time: 0.0742030143737793, NFound: 10, Coef: 10
Round: 2, Attack Type: Statistical Attack, Error: 0, Time: 0.08308625221252441, NFound: 10, Coef: 10
