Round: 1, Attack Type: Statistical Attack, Error: 0, Time: 0.05698418617248535, NFound: 10, Coef: 10
Round: 2, Attack Type: Statistical Attack, Error: 0, Time: 0.06360888481140137, NFound: 10, Coef: 10
