Round: 1, Attack Type: Statistical Attack, Error: 0, Time: 0.07845783233642578, NFound: 5, Coef: 8
Round: 2, Attack Type: Statistical Attack, Error: 0, Time: 0.07481908798217773, NFound: 10, Coef: 10
