Round: 1, Attack Type: Statistical Attack, Error: 0, Time: 0.09020423889160156, NFound: 5, Coef: 8
Round: 2, Attack Type: Statistical Attack, Error: 0, Time: 0.10153794288635254, NFound: 10, Coef: 10
