Round: 1, Attack Type: Statistical Attack, Error: 0, Time: 0.0732569694519043, NFound: 10, Coef: 10
Round: 2, Attack Type: Statistical Attack, Error: 0, Time: 0.07267308235168457, NFound: 10, Coef: 10
