Round: 1, Attack Type: Statistical Attack, Error: 0, Time: 0.08232712745666504, NFound: 5, Coef: 8
Round: 2, Attack Type: Statistical Attack, Error: 0, Time: 0.08977508544921875, NFound: 10, Coef: 10
