Round: 1, Attack Type: Statistical Attack, Error: 0, Time: 0.07966804504394531, NFound: 10, Coef: 10
Round: 2, Attack Type: Statistical Attack, Error: 0, Time: 0.08924293518066406, NFound: 10, Coef: 10
