Round: 1, Attack Type: Statistical Attack, Error: 0, Time: 0.10370302200317383, NFound: 10, Coef: 10
Round: 2, Attack Type: Statistical Attack, Error: 0, Time: 0.1785750389099121, NFound: 10, Coef: 10
