Round: 1, Attack Type: Statistical Attack, Error: 0, Time: 0.09548211097717285, NFound: 10, Coef: 10
Round: 2, Attack Type: Statistical Attack, Error: 0, Time: 0.10916686058044434, NFound: 10, Coef: 10
