Round: 1, Attack Type: Statistical Attack, Error: 0, Time: 0.07745194435119629, NFound: 5, Coef: 8
Round: 2, Attack Type: Statistical Attack, Error: 0, Time: 0.07796287536621094, NFound: 10, Coef: 10
