Round: 1, Attack Type: Statistical Attack, Error: 0, Time: 0.07561302185058594, NFound: 10, Coef: 10
Round: 2, Attack Type: Statistical Attack, Error: 0, Time: 0.09472823143005371, NFound: 10, Coef: 10
