Round: 1, Attack Type: Statistical Attack, Error: 0, Time: 0.0759119987487793, NFound: 9, Coef: 8
Round: 2, Attack Type: Statistical Attack, Error: 0, Time: 0.07879090309143066, NFound: 10, Coef: 10
