Round: 1, Attack Type: Statistical Attack, Error: 0, Time: 0.06082510948181152, NFound: 10, Coef: 10
Round: 2, Attack Type: Statistical Attack, Error: 0, Time: 0.10553312301635742, NFound: 10, Coef: 10
