Round: 1, Attack Type: Statistical Attack, Error: 0, Time: 0.06117081642150879, NFound: 10, Coef: 10
Round: 2, Attack Type: Statistical Attack, Error: 0, Time: 0.06760001182556152, NFound: 10, Coef: 10
