Round: 1, Attack Type: Statistical Attack, Error: 0, Time: 0.08040595054626465, NFound: 5, Coef: 8
Round: 2, Attack Type: Statistical Attack, Error: 0, Time: 0.11152315139770508, NFound: 9, Coef: 8
