Round: 1, Attack Type: Statistical Attack, Error: 0, Time: 0.07920527458190918, NFound: 10, Coef: 10
Round: 2, Attack Type: Statistical Attack, Error: 0, Time: 0.07833337783813477, NFound: 10, Coef: 10
