Round: 1, Attack Type: Statistical Attack, Error: 0, Time: 0.11461615562438965, NFound: 10, Coef: 10
Round: 2, Attack Type: Statistical Attack, Error: 0, Time: 0.10457181930541992, NFound: 10, Coef: 10
