Round: 1, Attack Type: Statistical Attack, Error: 0, Time: 0.09521913528442383, NFound: 10, Coef: 10
Round: 2, Attack Type: Statistical Attack, Error: 0, Time: 0.11410188674926758, NFound: 10, Coef: 10
