Round: 1, Attack Type: Statistical Attack, Error: 0, Time: 0.06459522247314453, NFound: 9, Coef: 8
Round: 2, Attack Type: Statistical Attack, Error: 0, Time: 0.07046008110046387, NFound: 10, Coef: 10
