Round: 1, Attack Type: Statistical Attack, Error: 0, Time: 0.09334516525268555, NFound: 5, Coef: 8
Round: 2, Attack Type: Statistical Attack, Error: 0, Time: 0.1086418628692627, NFound: 10, Coef: 10
