Round: 1, Attack Type: Statistical Attack, Error: 0, Time: 0.08075284957885742, NFound: 5, Coef: 8
Round: 2, Attack Type: Statistical Attack, Error: 0, Time: 0.09690380096435547, NFound: 10, Coef: 10
