Round: 1, Attack Type: Statistical Attack, Error: 0, Time: 0.08033108711242676, NFound: 5, Coef: 8
Round: 2, Attack Type: Statistical Attack, Error: 0, Time: 0.08091616630554199, NFound: 10, Coef: 10
