Round: 1, Attack Type: Statistical Attack, Error: 0, Time: 0.09740304946899414, NFound: 5, Coef: 8
Round: 2, Attack Type: Statistical Attack, Error: 0, Time: 0.10560107231140137, NFound: 10, Coef: 10
