Round: 1, Attack Type: Statistical Attack, Error: 0, Time: 0.06389498710632324, NFound: 5, Coef: 8
Round: 2, Attack Type: Statistical Attack, Error: 0, Time: 0.07607769966125488, NFound: 9, Coef: 8
