Round: 1, Attack Type: Statistical Attack, Error: 0, Time: 0.0744009017944336, NFound: 5, Coef: 8
Round: 2, Attack Type: Statistical Attack, Error: 0, Time: 0.07883501052856445, NFound: 10, Coef: 10
