Round: 1, Attack Type: Statistical Attack, Error: 0, Time: 0.07125210762023926, NFound: 10, Coef: 10
Round: 2, Attack Type: Statistical Attack, Error: 0, Time: 0.08214807510375977, NFound: 10, Coef: 10
