Round: 1, Attack Type: Statistical Attack, Error: 0, Time: 0.08196687698364258, NFound: 10, Coef: 10
Round: 2, Attack Type: Statistical Attack, Error: 0, Time: 0.09547710418701172, NFound: 9, Coef: 8
