Round: 1, Attack Type: Statistical Attack, Error: 0, Time: 0.07386994361877441, NFound: 10, Coef: 10
Round: 2, Attack Type: Statistical Attack, Error: 0, Time: 0.08313989639282227, NFound: 10, Coef: 10
