Round: 1, Attack Type: Statistical Attack, Error: 0, Time: 0.09067702293395996, NFound: 10, Coef: 10
Round: 2, Attack Type: Statistical Attack, Error: 0, Time: 0.09320402145385742, NFound: 10, Coef: 10
