Round: 1, Attack Type: Statistical Attack, Error: 0, Time: 0.08229494094848633, NFound: 5, Coef: 8
Round: 2, Attack Type: Statistical Attack, Error: 0, Time: 0.08219599723815918, NFound: 10, Coef: 10
