Round: 1, Attack Type: Statistical Attack, Error: 0, Time: 0.08264923095703125, NFound: 5, Coef: 8
Round: 2, Attack Type: Statistical Attack, Error: 0, Time: 0.08634376525878906, NFound: 10, Coef: 10
