Round: 1, Attack Type: Statistical Attack, Error: 0, Time: 0.06423377990722656, NFound: 10, Coef: 10
Round: 2, Attack Type: Statistical Attack, Error: 0, Time: 0.06836986541748047, NFound: 10, Coef: 10
