Round: 1, Attack Type: Statistical Attack, Error: 0, Time: 0.07959723472595215, NFound: 10, Coef: 10
Round: 2, Attack Type: Statistical Attack, Error: 0, Time: 0.08799195289611816, NFound: 10, Coef: 10
