Round: 1, Attack Type: Statistical Attack, Error: 0, Time: 0.05769801139831543, NFound: 10, Coef: 10
Round: 2, Attack Type: Statistical Attack, Error: 0, Time: 0.06603312492370605, NFound: 10, Coef: 10
