Round: 1, Attack Type: Statistical Attack, Error: 0, Time: 0.0795447826385498, NFound: 5, Coef: 8
Round: 2, Attack Type: Statistical Attack, Error: 0, Time: 0.07956695556640625, NFound: 10, Coef: 10
