Round: 1, Attack Type: Statistical Attack, Error: 0, Time: 0.07513308525085449, NFound: 5, Coef: 8
Round: 2, Attack Type: Statistical Attack, Error: 0, Time: 0.09151220321655273, NFound: 9, Coef: 8
