Round: 1, Attack Type: Statistical Attack, Error: 0, Time: 0.09254574775695801, NFound: 5, Coef: 8
Round: 2, Attack Type: Statistical Attack, Error: 0, Time: 0.09579682350158691, NFound: 10, Coef: 10
