Round: 1, Attack Type: Statistical Attack, Error: 0, Time: 0.11890530586242676, NFound: 5, Coef: 8
Round: 2, Attack Type: Statistical Attack, Error: 0, Time: 0.13350796699523926, NFound: 10, Coef: 10
