Round: 1, Attack Type: Statistical Attack, Error: 0, Time: 0.06528210639953613, NFound: 9, Coef: 8
Round: 2, Attack Type: Statistical Attack, Error: 0, Time: 0.06411004066467285, NFound: 10, Coef: 10
