Round: 1, Attack Type: Statistical Attack, Error: 0, Time: 0.09469985961914062, NFound: 5, Coef: 8
Round: 2, Attack Type: Statistical Attack, Error: 0, Time: 0.08955597877502441, NFound: 10, Coef: 10
