Round: 1, Attack Type: Statistical Attack, Error: 0, Time: 0.07211804389953613, NFound: 10, Coef: 10
Round: 2, Attack Type: Statistical Attack, Error: 0, Time: 0.0803380012512207, NFound: 10, Coef: 10
