Round: 1, Attack Type: Statistical Attack, Error: 0, Time: 0.09694886207580566, NFound: 5, Coef: 8
Round: 2, Attack Type: Statistical Attack, Error: 0, Time: 0.11939477920532227, NFound: 10, Coef: 10
