Round: 1, Attack Type: Statistical Attack, Error: 0, Time: 0.06945610046386719, NFound: 5, Coef: 8
Round: 2, Attack Type: Statistical Attack, Error: 0, Time: 0.08222079277038574, NFound: 10, Coef: 10
