Round: 1, Attack Type: Statistical Attack, Error: 0, Time: 0.0820779800415039, NFound: 10, Coef: 10
Round: 2, Attack Type: Statistical Attack, Error: 0, Time: 0.08337116241455078, NFound: 10, Coef: 10
