Round: 1, Attack Type: Statistical Attack, Error: 0, Time: 0.07828879356384277, NFound: 5, Coef: 8
Round: 2, Attack Type: Statistical Attack, Error: 0, Time: 0.07907509803771973, NFound: 10, Coef: 10
