Round: 1, Attack Type: Statistical Attack, Error: 0, Time: 0.07527613639831543, NFound: 10, Coef: 10
Round: 2, Attack Type: Statistical Attack, Error: 0, Time: 0.07682299613952637, NFound: 10, Coef: 10
