Round: 1, Attack Type: Statistical Attack, Error: 0, Time: 0.07908868789672852, NFound: 5, Coef: 8
Round: 2, Attack Type: Statistical Attack, Error: 0, Time: 0.08807706832885742, NFound: 10, Coef: 10
