Round: 1, Attack Type: Statistical Attack, Error: 0, Time: 0.0843050479888916, NFound: 10, Coef: 10
Round: 2, Attack Type: Statistical Attack, Error: 0, Time: 0.08177685737609863, NFound: 10, Coef: 10
