Round: 1, Attack Type: Statistical Attack, Error: 0, Time: 0.09792733192443848, NFound: 10, Coef: 10
Round: 2, Attack Type: Statistical Attack, Error: 0, Time: 0.1030421257019043, NFound: 10, Coef: 10
