Round: 1, Attack Type: Statistical Attack, Error: 0, Time: 0.07444500923156738, NFound: 9, Coef: 9
Round: 2, Attack Type: Statistical Attack, Error: 0, Time: 0.08835911750793457, NFound: 9, Coef: 8
