Round: 1, Attack Type: Statistical Attack, Error: 0, Time: 0.09828710556030273, NFound: 9, Coef: 8
Round: 2, Attack Type: Statistical Attack, Error: 0, Time: 0.10859799385070801, NFound: 10, Coef: 10
