Round: 1, Attack Type: Statistical Attack, Error: 0, Time: 0.12865781784057617, NFound: 9, Coef: 8
Round: 2, Attack Type: Statistical Attack, Error: 0, Time: 0.14452815055847168, NFound: 10, Coef: 10
