Round: 1, Attack Type: Statistical Attack, Error: 0, Time: 0.10705900192260742, NFound: 5, Coef: 8
Round: 2, Attack Type: Statistical Attack, Error: 0, Time: 0.09847116470336914, NFound: 10, Coef: 10
