Round: 1, Attack Type: Statistical Attack, Error: 0, Time: 0.11517095565795898, NFound: 10, Coef: 10
Round: 2, Attack Type: Statistical Attack, Error: 0, Time: 0.11090993881225586, NFound: 10, Coef: 10
