Round: 1, Attack Type: Statistical Attack, Error: 0, Time: 0.09871315956115723, NFound: 5, Coef: 8
Round: 2, Attack Type: Statistical Attack, Error: 0, Time: 0.09491825103759766, NFound: 10, Coef: 10
