Round: 1, Attack Type: Statistical Attack, Error: 0, Time: 0.08039379119873047, NFound: 10, Coef: 10
Round: 2, Attack Type: Statistical Attack, Error: 0, Time: 0.08567595481872559, NFound: 10, Coef: 10
