Round: 1, Attack Type: Statistical Attack, Error: 0, Time: 0.09255194664001465, NFound: 5, Coef: 8
Round: 2, Attack Type: Statistical Attack, Error: 0, Time: 0.0906679630279541, NFound: 10, Coef: 10
