Round: 1, Attack Type: Statistical Attack, Error: 0, Time: 0.0697021484375, NFound: 10, Coef: 10
Round: 2, Attack Type: Statistical Attack, Error: 0, Time: 0.06882500648498535, NFound: 10, Coef: 10
