Round: 1, Attack Type: Statistical Attack, Error: 0, Time: 0.09961509704589844, NFound: 5, Coef: 8
Round: 2, Attack Type: Statistical Attack, Error: 0, Time: 0.10189127922058105, NFound: 10, Coef: 10
