Round: 1, Attack Type: Statistical Attack, Error: 0, Time: 0.06450796127319336, NFound: 5, Coef: 8
Round: 2, Attack Type: Statistical Attack, Error: 0, Time: 0.06656599044799805, NFound: 10, Coef: 10
