Round: 1, Attack Type: Statistical Attack, Error: 0, Time: 0.0814521312713623, NFound: 5, Coef: 8
Round: 2, Attack Type: Statistical Attack, Error: 0, Time: 0.09319710731506348, NFound: 10, Coef: 10
