Round: 1, Attack Type: Statistical Attack, Error: 0, Time: 0.07495522499084473, NFound: 5, Coef: 8
Round: 2, Attack Type: Statistical Attack, Error: 0, Time: 0.07959890365600586, NFound: 10, Coef: 10
