Round: 1, Attack Type: Statistical Attack, Error: 0, Time: 0.11888313293457031, NFound: 5, Coef: 8
Round: 2, Attack Type: Statistical Attack, Error: 0, Time: 0.11615109443664551, NFound: 10, Coef: 10
