Round: 1, Attack Type: Statistical Attack, Error: 0, Time: 0.10251188278198242, NFound: 5, Coef: 8
Round: 2, Attack Type: Statistical Attack, Error: 0, Time: 0.09742021560668945, NFound: 10, Coef: 10
