Round: 1, Attack Type: Statistical Attack, Error: 0, Time: 0.08196806907653809, NFound: 10, Coef: 10
Round: 2, Attack Type: Statistical Attack, Error: 0, Time: 0.08893108367919922, NFound: 9, Coef: 8
