Round: 1, Attack Type: Statistical Attack, Error: 0, Time: 0.06498885154724121, NFound: 10, Coef: 10
Round: 2, Attack Type: Statistical Attack, Error: 0, Time: 0.07757282257080078, NFound: 10, Coef: 10
