Round: 1, Attack Type: Statistical Attack, Error: 0, Time: 0.09932708740234375, NFound: 5, Coef: 8
Round: 2, Attack Type: Statistical Attack, Error: 0, Time: 0.14144587516784668, NFound: 10, Coef: 10
