Round: 1, Attack Type: Statistical Attack, Error: 0, Time: 0.0707089900970459, NFound: 10, Coef: 10
Round: 2, Attack Type: Statistical Attack, Error: 0, Time: 0.08407330513000488, NFound: 10, Coef: 10
