Round: 1, Attack Type: Statistical Attack, Error: 0, Time: 0.059515953063964844, NFound: 5, Coef: 8
Round: 2, Attack Type: Statistical Attack, Error: 0, Time: 0.06397628784179688, NFound: 10, Coef: 10
