Round: 1, Attack Type: Statistical Attack, Error: 0, Time: 0.10114884376525879, NFound: 5, Coef: 8
Round: 2, Attack Type: Statistical Attack, Error: 0, Time: 0.11755704879760742, NFound: 10, Coef: 10
