Round: 1, Attack Type: Statistical Attack, Error: 0, Time: 0.07977485656738281, NFound: 10, Coef: 10
Round: 2, Attack Type: Statistical Attack, Error: 0, Time: 0.07790708541870117, NFound: 10, Coef: 10
