Round: 1, Attack Type: Statistical Attack, Error: 0, Time: 0.1091470718383789, NFound: 10, Coef: 10
Round: 2, Attack Type: Statistical Attack, Error: 0, Time: 0.10705900192260742, NFound: 10, Coef: 10
