Round: 1, Attack Type: Statistical Attack, Error: 0, Time: 0.08991408348083496, NFound: 10, Coef: 10
Round: 2, Attack Type: Statistical Attack, Error: 0, Time: 0.10084700584411621, NFound: 10, Coef: 10
