Round: 1, Attack Type: Statistical Attack, Error: 0, Time: 0.0796349048614502, NFound: 5, Coef: 8
Round: 2, Attack Type: Statistical Attack, Error: 0, Time: 0.08762502670288086, NFound: 9, Coef: 8
