Round: 1, Attack Type: Statistical Attack, Error: 0, Time: 0.08067798614501953, NFound: 5, Coef: 8
Round: 2, Attack Type: Statistical Attack, Error: 0, Time: 0.07676482200622559, NFound: 10, Coef: 10
