Round: 1, Attack Type: Statistical Attack, Error: 0, Time: 0.0807340145111084, NFound: 10, Coef: 10
Round: 2, Attack Type: Statistical Attack, Error: 0, Time: 0.08991694450378418, NFound: 10, Coef: 10
