Round: 1, Attack Type: Statistical Attack, Error: 0, Time: 0.06895589828491211, NFound: 10, Coef: 10
Round: 2, Attack Type: Statistical Attack, Error: 0, Time: 0.07829403877258301, NFound: 10, Coef: 10
