Round: 1, Attack Type: Statistical Attack, Error: 0, Time: 0.07717108726501465, NFound: 10, Coef: 10
Round: 2, Attack Type: Statistical Attack, Error: 0, Time: 0.08419513702392578, NFound: 10, Coef: 10
