Round: 1, Attack Type: Statistical Attack, Error: 0, Time: 0.10719895362854004, NFound: 10, Coef: 10
Round: 2, Attack Type: Statistical Attack, Error: 0, Time: 0.11014580726623535, NFound: 10, Coef: 10
