Round: 1, Attack Type: Statistical Attack, Error: 0, Time: 0.07549810409545898, NFound: 10, Coef: 10
Round: 2, Attack Type: Statistical Attack, Error: 0, Time: 0.08464193344116211, NFound: 10, Coef: 10
