Round: 1, Attack Type: Statistical Attack, Error: 0, Time: 0.0797569751739502, NFound: 5, Coef: 8
Round: 2, Attack Type: Statistical Attack, Error: 0, Time: 0.08935713768005371, NFound: 10, Coef: 10
