Round: 1, Attack Type: Statistical Attack, Error: 0, Time: 0.09907293319702148, NFound: 5, Coef: 8
Round: 2, Attack Type: Statistical Attack, Error: 0, Time: 0.11370325088500977, NFound: 10, Coef: 10
