Round: 1, Attack Type: Statistical Attack, Error: 0, Time: 0.08707499504089355, NFound: 10, Coef: 10
Round: 2, Attack Type: Statistical Attack, Error: 0, Time: 0.09003305435180664, NFound: 10, Coef: 10
