Round: 1, Attack Type: Statistical Attack, Error: 0, Time: 0.07727384567260742, NFound: 10, Coef: 10
Round: 2, Attack Type: Statistical Attack, Error: 0, Time: 0.08283329010009766, NFound: 10, Coef: 10
