Round: 1, Attack Type: Statistical Attack, Error: 0, Time: 0.07832622528076172, NFound: 10, Coef: 10
Round: 2, Attack Type: Statistical Attack, Error: 0, Time: 0.08455109596252441, NFound: 10, Coef: 10
