Round: 1, Attack Type: Statistical Attack, Error: 0, Time: 0.05840301513671875, NFound: 5, Coef: 8
Round: 2, Attack Type: Statistical Attack, Error: 0, Time: 0.06365108489990234, NFound: 10, Coef: 10
