Round: 1, Attack Type: Statistical Attack, Error: 0, Time: 0.08673906326293945, NFound: 5, Coef: 8
Round: 2, Attack Type: Statistical Attack, Error: 0, Time: 0.0845499038696289, NFound: 10, Coef: 10
