Round: 1, Attack Type: Statistical Attack, Error: 0, Time: 0.07151222229003906, NFound: 10, Coef: 10
Round: 2, Attack Type: Statistical Attack, Error: 0, Time: 0.09898686408996582, NFound: 9, Coef: 8
