Round: 1, Attack Type: Statistical Attack, Error: 0, Time: 0.06958413124084473, NFound: 10, Coef: 10
Round: 2, Attack Type: Statistical Attack, Error: 0, Time: 0.08244705200195312, NFound: 10, Coef: 10
