Round: 1, Attack Type: Statistical Attack, Error: 0, Time: 0.06755995750427246, NFound: 9, Coef: 9
Round: 2, Attack Type: Statistical Attack, Error: 0, Time: 0.07836222648620605, NFound: 10, Coef: 10
