Round: 1, Attack Type: Statistical Attack, Error: 0, Time: 0.10892486572265625, NFound: 5, Coef: 8
Round: 2, Attack Type: Statistical Attack, Error: 0, Time: 0.12304115295410156, NFound: 10, Coef: 10
