Round: 1, Attack Type: Statistical Attack, Error: 0, Time: 0.06198287010192871, NFound: 10, Coef: 10
Round: 2, Attack Type: Statistical Attack, Error: 0, Time: 0.08304691314697266, NFound: 10, Coef: 10
