Round: 1, Attack Type: Statistical Attack, Error: 0, Time: 0.08467388153076172, NFound: 10, Coef: 10
Round: 2, Attack Type: Statistical Attack, Error: 0, Time: 0.09565210342407227, NFound: 10, Coef: 10
