Round: 1, Attack Type: Statistical Attack, Error: 0, Time: 0.07787394523620605, NFound: 5, Coef: 8
Round: 2, Attack Type: Statistical Attack, Error: 0, Time: 0.0886380672454834, NFound: 10, Coef: 10
