Round: 1, Attack Type: Statistical Attack, Error: 0, Time: 0.07322812080383301, NFound: 5, Coef: 8
Round: 2, Attack Type: Statistical Attack, Error: 0, Time: 0.08148694038391113, NFound: 10, Coef: 10
