Round: 1, Attack Type: Statistical Attack, Error: 0, Time: 0.07676005363464355, NFound: 5, Coef: 8
Round: 2, Attack Type: Statistical Attack, Error: 0, Time: 0.07813405990600586, NFound: 10, Coef: 10
