Round: 1, Attack Type: Statistical Attack, Error: 0, Time: 0.07575607299804688, NFound: 10, Coef: 10
Round: 2, Attack Type: Statistical Attack, Error: 0, Time: 0.09175586700439453, NFound: 10, Coef: 10
