Round: 1, Attack Type: Statistical Attack, Error: 0, Time: 0.09422898292541504, NFound: 10, Coef: 10
Round: 2, Attack Type: Statistical Attack, Error: 0, Time: 0.12056303024291992, NFound: 9, Coef: 8
