Round: 1, Attack Type: Statistical Attack, Error: 0, Time: 0.09414196014404297, NFound: 5, Coef: 8
Round: 2, Attack Type: Statistical Attack, Error: 0, Time: 0.09707498550415039, NFound: 10, Coef: 10
