Round: 1, Attack Type: Statistical Attack, Error: 0, Time: 0.07278013229370117, NFound: 10, Coef: 10
Round: 2, Attack Type: Statistical Attack, Error: 0, Time: 0.0829019546508789, NFound: 10, Coef: 10
