Round: 1, Attack Type: Statistical Attack, Error: 0, Time: 0.09401917457580566, NFound: 9, Coef: 8
Round: 2, Attack Type: Statistical Attack, Error: 0, Time: 0.10397505760192871, NFound: 10, Coef: 10
