Round: 1, Attack Type: Statistical Attack, Error: 0, Time: 0.07355809211730957, NFound: 10, Coef: 10
Round: 2, Attack Type: Statistical Attack, Error: 0, Time: 0.07787394523620605, NFound: 10, Coef: 10
