Round: 1, Attack Type: Statistical Attack, Error: 0, Time: 0.10139012336730957, NFound: 10, Coef: 10
Round: 2, Attack Type: Statistical Attack, Error: 0, Time: 0.10300707817077637, NFound: 10, Coef: 10
