Round: 1, Attack Type: Statistical Attack, Error: 0, Time: 0.07919979095458984, NFound: 5, Coef: 8
Round: 2, Attack Type: Statistical Attack, Error: 0, Time: 0.0817420482635498, NFound: 10, Coef: 10
