Round: 1, Attack Type: Statistical Attack, Error: 0, Time: 0.1281270980834961, NFound: 10, Coef: 10
Round: 2, Attack Type: Statistical Attack, Error: 0, Time: 0.13770318031311035, NFound: 10, Coef: 10
