Round: 1, Attack Type: Statistical Attack, Error: 0, Time: 0.1403961181640625, NFound: 10, Coef: 10
Round: 2, Attack Type: Statistical Attack, Error: 0, Time: 0.1374988555908203, NFound: 10, Coef: 10
