Round: 1, Attack Type: Statistical Attack, Error: 0, Time: 0.058893680572509766, NFound: 5, Coef: 8
Round: 2, Attack Type: Statistical Attack, Error: 0, Time: 0.0664372444152832, NFound: 10, Coef: 10
