Round: 1, Attack Type: Statistical Attack, Error: 0, Time: 0.07524919509887695, NFound: 10, Coef: 10
Round: 2, Attack Type: Statistical Attack, Error: 0, Time: 0.07620787620544434, NFound: 10, Coef: 10
