Round: 1, Attack Type: Statistical Attack, Error: 0, Time: 0.09023714065551758, NFound: 5, Coef: 8
Round: 2, Attack Type: Statistical Attack, Error: 0, Time: 0.13313794136047363, NFound: 10, Coef: 10
