Round: 1, Attack Type: Statistical Attack, Error: 0, Time: 0.12654829025268555, NFound: 5, Coef: 8
Round: 2, Attack Type: Statistical Attack, Error: 0, Time: 0.13898682594299316, NFound: 10, Coef: 10
