Round: 1, Attack Type: Statistical Attack, Error: 0, Time: 0.08572125434875488, NFound: 5, Coef: 8
Round: 2, Attack Type: Statistical Attack, Error: 0, Time: 0.11272501945495605, NFound: 10, Coef: 10
