Round: 1, Attack Type: Statistical Attack, Error: 0, Time: 0.07462477684020996, NFound: 10, Coef: 10
Round: 2, Attack Type: Statistical Attack, Error: 0, Time: 0.087738037109375, NFound: 10, Coef: 10
