Round: 1, Attack Type: Statistical Attack, Error: 0, Time: 0.05817890167236328, NFound: 10, Coef: 10
Round: 2, Attack Type: Statistical Attack, Error: 0, Time: 0.0685892105102539, NFound: 10, Coef: 10
