Round: 1, Attack Type: Statistical Attack, Error: 0, Time: 0.08264493942260742, NFound: 10, Coef: 10
Round: 2, Attack Type: Statistical Attack, Error: 0, Time: 0.09234094619750977, NFound: 10, Coef: 10
