Round: 1, Attack Type: Statistical Attack, Error: 0, Time: 0.0932159423828125, NFound: 10, Coef: 10
Round: 2, Attack Type: Statistical Attack, Error: 0, Time: 0.1024630069732666, NFound: 10, Coef: 10
