Round: 1, Attack Type: Statistical Attack, Error: 0, Time: 0.11110401153564453, NFound: 5, Coef: 8
Round: 2, Attack Type: Statistical Attack, Error: 0, Time: 0.10127687454223633, NFound: 10, Coef: 10
