Round: 1, Attack Type: Statistical Attack, Error: 0, Time: 0.06772303581237793, NFound: 10, Coef: 10
Round: 2, Attack Type: Statistical Attack, Error: 0, Time: 0.08371615409851074, NFound: 10, Coef: 10
