Round: 1, Attack Type: Statistical Attack, Error: 0, Time: 0.07903814315795898, NFound: 10, Coef: 10
Round: 2, Attack Type: Statistical Attack, Error: 0, Time: 0.0811007022857666, NFound: 10, Coef: 10
