Round: 1, Attack Type: Statistical Attack, Error: 0, Time: 0.07107281684875488, NFound: 5, Coef: 8
Round: 2, Attack Type: Statistical Attack, Error: 0, Time: 0.07865190505981445, NFound: 10, Coef: 10
