Round: 1, Attack Type: Statistical Attack, Error: 0, Time: 0.0716707706451416, NFound: 10, Coef: 10
Round: 2, Attack Type: Statistical Attack, Error: 0, Time: 0.08059501647949219, NFound: 10, Coef: 10
