Round: 1, Attack Type: Statistical Attack, Error: 0, Time: 0.0679926872253418, NFound: 10, Coef: 10
Round: 2, Attack Type: Statistical Attack, Error: 0, Time: 0.08351373672485352, NFound: 10, Coef: 10
