Round: 1, Attack Type: Statistical Attack, Error: 0, Time: 0.12203764915466309, NFound: 5, Coef: 8
Round: 2, Attack Type: Statistical Attack, Error: 0, Time: 0.13063406944274902, NFound: 9, Coef: 8
