Round: 1, Attack Type: Statistical Attack, Error: 0, Time: 0.08212089538574219, NFound: 10, Coef: 10
Round: 2, Attack Type: Statistical Attack, Error: 0, Time: 0.08224105834960938, NFound: 10, Coef: 10
