Round: 1, Attack Type: Statistical Attack, Error: 0, Time: 0.08450984954833984, NFound: 5, Coef: 8
Round: 2, Attack Type: Statistical Attack, Error: 0, Time: 0.07471704483032227, NFound: 10, Coef: 10
