Round: 1, Attack Type: Statistical Attack, Error: 0, Time: 0.07674217224121094, NFound: 5, Coef: 8
Round: 2, Attack Type: Statistical Attack, Error: 0, Time: 0.08221721649169922, NFound: 10, Coef: 10
