Round: 1, Attack Type: Statistical Attack, Error: 0, Time: 0.08142781257629395, NFound: 9, Coef: 8
Round: 2, Attack Type: Statistical Attack, Error: 0, Time: 0.08379602432250977, NFound: 10, Coef: 10
