Round: 1, Attack Type: Statistical Attack, Error: 0, Time: 0.07785415649414062, NFound: 5, Coef: 8
Round: 2, Attack Type: Statistical Attack, Error: 0, Time: 0.0836489200592041, NFound: 10, Coef: 10
