Round: 1, Attack Type: Statistical Attack, Error: 0, Time: 0.09616708755493164, NFound: 10, Coef: 10
Round: 2, Attack Type: Statistical Attack, Error: 0, Time: 0.09637904167175293, NFound: 10, Coef: 10
