Round: 1, Attack Type: Statistical Attack, Error: 0, Time: 0.07466483116149902, NFound: 9, Coef: 8
Round: 2, Attack Type: Statistical Attack, Error: 0, Time: 0.08624482154846191, NFound: 10, Coef: 10
