Round: 1, Attack Type: Statistical Attack, Error: 0, Time: 0.0769960880279541, NFound: 10, Coef: 10
Round: 2, Attack Type: Statistical Attack, Error: 0, Time: 0.07846879959106445, NFound: 10, Coef: 10
