Round: 1, Attack Type: Statistical Attack, Error: 0, Time: 0.07741689682006836, NFound: 10, Coef: 10
Round: 2, Attack Type: Statistical Attack, Error: 0, Time: 0.0975341796875, NFound: 10, Coef: 10
