Round: 1, Attack Type: Statistical Attack, Error: 0, Time: 0.07239389419555664, NFound: 10, Coef: 10
Round: 2, Attack Type: Statistical Attack, Error: 0, Time: 0.08041191101074219, NFound: 10, Coef: 10
