Round: 1, Attack Type: Statistical Attack, Error: 0, Time: 0.10721898078918457, NFound: 10, Coef: 10
Round: 2, Attack Type: Statistical Attack, Error: 0, Time: 0.09991335868835449, NFound: 10, Coef: 10
