Round: 1, Attack Type: Statistical Attack, Error: 0, Time: 0.08622288703918457, NFound: 10, Coef: 10
Round: 2, Attack Type: Statistical Attack, Error: 0, Time: 0.09247779846191406, NFound: 10, Coef: 10
