Round: 1, Attack Type: Statistical Attack, Error: 0, Time: 0.061003684997558594, NFound: 5, Coef: 8
Round: 2, Attack Type: Statistical Attack, Error: 0, Time: 0.06455087661743164, NFound: 10, Coef: 10
