Round: 1, Attack Type: Statistical Attack, Error: 0, Time: 0.0953531265258789, NFound: 9, Coef: 8
Round: 2, Attack Type: Statistical Attack, Error: 0, Time: 0.09919381141662598, NFound: 10, Coef: 10
