Round: 1, Attack Type: Statistical Attack, Error: 0, Time: 0.09103584289550781, NFound: 5, Coef: 8
Round: 2, Attack Type: Statistical Attack, Error: 0, Time: 0.09491086006164551, NFound: 10, Coef: 10
