Round: 1, Attack Type: Statistical Attack, Error: 0, Time: 0.062090158462524414, NFound: 10, Coef: 10
Round: 2, Attack Type: Statistical Attack, Error: 0, Time: 0.06631922721862793, NFound: 10, Coef: 10
