Round: 1, Attack Type: Statistical Attack, Error: 0, Time: 0.06957507133483887, NFound: 10, Coef: 10
Round: 2, Attack Type: Statistical Attack, Error: 0, Time: 0.0894627571105957, NFound: 10, Coef: 10
