Round: 1, Attack Type: Statistical Attack, Error: 0, Time: 0.07435393333435059, NFound: 5, Coef: 8
Round: 2, Attack Type: Statistical Attack, Error: 0, Time: 0.07871794700622559, NFound: 10, Coef: 10
