Round: 1, Attack Type: Statistical Attack, Error: 0, Time: 0.08506393432617188, NFound: 5, Coef: 8
Round: 2, Attack Type: Statistical Attack, Error: 0, Time: 0.10422801971435547, NFound: 10, Coef: 10
