Round: 1, Attack Type: Statistical Attack, Error: 0, Time: 0.06933474540710449, NFound: 10, Coef: 10
Round: 2, Attack Type: Statistical Attack, Error: 0, Time: 0.08333420753479004, NFound: 10, Coef: 10
