Round: 1, Attack Type: Statistical Attack, Error: 0, Time: 0.09248995780944824, NFound: 5, Coef: 8
Round: 2, Attack Type: Statistical Attack, Error: 0, Time: 0.10340714454650879, NFound: 10, Coef: 10
