Round: 1, Attack Type: Statistical Attack, Error: 0, Time: 0.0774540901184082, NFound: 10, Coef: 10
Round: 2, Attack Type: Statistical Attack, Error: 0, Time: 0.08640408515930176, NFound: 9, Coef: 8
