Round: 1, Attack Type: Statistical Attack, Error: 0, Time: 0.0978999137878418, NFound: 5, Coef: 8
Round: 2, Attack Type: Statistical Attack, Error: 0, Time: 0.09769701957702637, NFound: 10, Coef: 10
