Round: 1, Attack Type: Statistical Attack, Error: 0, Time: 0.10469508171081543, NFound: 5, Coef: 8
Round: 2, Attack Type: Statistical Attack, Error: 0, Time: 0.10257792472839355, NFound: 10, Coef: 10
