Round: 1, Attack Type: Statistical Attack, Error: 0, Time: 0.07488608360290527, NFound: 5, Coef: 8
Round: 2, Attack Type: Statistical Attack, Error: 0, Time: 0.08069777488708496, NFound: 10, Coef: 10
