Round: 1, Attack Type: Statistical Attack, Error: 0, Time: 0.08468508720397949, NFound: 10, Coef: 10
Round: 2, Attack Type: Statistical Attack, Error: 0, Time: 0.13752007484436035, NFound: 10, Coef: 10
