Round: 1, Attack Type: Statistical Attack, Error: 0, Time: 0.06383085250854492, NFound: 10, Coef: 10
Round: 2, Attack Type: Statistical Attack, Error: 0, Time: 0.07880902290344238, NFound: 10, Coef: 10
