Round: 1, Attack Type: Statistical Attack, Error: 0, Time: 0.07797789573669434, NFound: 5, Coef: 8
Round: 2, Attack Type: Statistical Attack, Error: 0, Time: 0.0831460952758789, NFound: 10, Coef: 10
