Round: 1, Attack Type: Statistical Attack, Error: 0, Time: 0.08511114120483398, NFound: 5, Coef: 8
Round: 2, Attack Type: Statistical Attack, Error: 0, Time: 0.08384013175964355, NFound: 10, Coef: 10
