Round: 1, Attack Type: Statistical Attack, Error: 0, Time: 0.07285833358764648, NFound: 5, Coef: 8
Round: 2, Attack Type: Statistical Attack, Error: 0, Time: 0.07952713966369629, NFound: 9, Coef: 8
