Round: 1, Attack Type: Statistical Attack, Error: 0, Time: 0.0588679313659668, NFound: 10, Coef: 10
Round: 2, Attack Type: Statistical Attack, Error: 0, Time: 0.06142902374267578, NFound: 10, Coef: 10
