Round: 1, Attack Type: Statistical Attack, Error: 0, Time: 0.07913708686828613, NFound: 10, Coef: 10
Round: 2, Attack Type: Statistical Attack, Error: 0, Time: 0.07905983924865723, NFound: 10, Coef: 10
