Round: 1, Attack Type: Statistical Attack, Error: 0, Time: 0.1009821891784668, NFound: 10, Coef: 10
Round: 2, Attack Type: Statistical Attack, Error: 0, Time: 0.10994410514831543, NFound: 10, Coef: 10
