Round: 1, Attack Type: Statistical Attack, Error: 0, Time: 0.07619810104370117, NFound: 10, Coef: 10
Round: 2, Attack Type: Statistical Attack, Error: 0, Time: 0.08223509788513184, NFound: 10, Coef: 10
