Round: 1, Attack Type: Statistical Attack, Error: 0, Time: 0.07656311988830566, NFound: 5, Coef: 8
Round: 2, Attack Type: Statistical Attack, Error: 0, Time: 0.07949709892272949, NFound: 10, Coef: 10
