Round: 1, Attack Type: Statistical Attack, Error: 0, Time: 0.08209991455078125, NFound: 9, Coef: 8
Round: 2, Attack Type: Statistical Attack, Error: 0, Time: 0.0845038890838623, NFound: 10, Coef: 10
