Round: 1, Attack Type: Statistical Attack, Error: 0, Time: 0.08484411239624023, NFound: 9, Coef: 8
Round: 2, Attack Type: Statistical Attack, Error: 0, Time: 0.09233617782592773, NFound: 10, Coef: 10
