Round: 1, Attack Type: Statistical Attack, Error: 0, Time: 0.07129025459289551, NFound: 5, Coef: 8
Round: 2, Attack Type: Statistical Attack, Error: 0, Time: 0.0861668586730957, NFound: 10, Coef: 10
