Round: 1, Attack Type: Statistical Attack, Error: 0, Time: 0.08492112159729004, NFound: 5, Coef: 8
Round: 2, Attack Type: Statistical Attack, Error: 0, Time: 0.08312702178955078, NFound: 10, Coef: 10
