Round: 1, Attack Type: Statistical Attack, Error: 0, Time: 0.0925748348236084, NFound: 10, Coef: 10
Round: 2, Attack Type: Statistical Attack, Error: 0, Time: 0.09751296043395996, NFound: 10, Coef: 10
