Round: 1, Attack Type: Statistical Attack, Error: 0, Time: 0.09533429145812988, NFound: 10, Coef: 10
Round: 2, Attack Type: Statistical Attack, Error: 0, Time: 0.08835196495056152, NFound: 10, Coef: 10
