Round: 1, Attack Type: Statistical Attack, Error: 0, Time: 0.0710299015045166, NFound: 5, Coef: 8
Round: 2, Attack Type: Statistical Attack, Error: 0, Time: 0.08284497261047363, NFound: 10, Coef: 10
