Round: 1, Attack Type: Statistical Attack, Error: 0, Time: 0.07979416847229004, NFound: 5, Coef: 8
Round: 2, Attack Type: Statistical Attack, Error: 0, Time: 0.08364415168762207, NFound: 10, Coef: 10
