Round: 1, Attack Type: Statistical Attack, Error: 0, Time: 0.07583785057067871, NFound: 10, Coef: 10
Round: 2, Attack Type: Statistical Attack, Error: 0, Time: 0.08111095428466797, NFound: 10, Coef: 10
