Round: 1, Attack Type: Statistical Attack, Error: 0, Time: 0.07751035690307617, NFound: 5, Coef: 8
Round: 2, Attack Type: Statistical Attack, Error: 0, Time: 0.08303093910217285, NFound: 10, Coef: 10
