Round: 1, Attack Type: Statistical Attack, Error: 0, Time: 0.09209895133972168, NFound: 10, Coef: 10
Round: 2, Attack Type: Statistical Attack, Error: 0, Time: 0.09755992889404297, NFound: 10, Coef: 10
