Round: 1, Attack Type: Statistical Attack, Error: 0, Time: 0.0850822925567627, NFound: 5, Coef: 8
Round: 2, Attack Type: Statistical Attack, Error: 0, Time: 0.09367704391479492, NFound: 10, Coef: 10
