Round: 1, Attack Type: Statistical Attack, Error: 0, Time: 0.08193111419677734, NFound: 10, Coef: 10
Round: 2, Attack Type: Statistical Attack, Error: 0, Time: 0.07820010185241699, NFound: 10, Coef: 10
