Round: 1, Attack Type: Statistical Attack, Error: 0, Time: 0.0880439281463623, NFound: 10, Coef: 10
Round: 2, Attack Type: Statistical Attack, Error: 0, Time: 0.10397219657897949, NFound: 10, Coef: 10
