Round: 1, Attack Type: Statistical Attack, Error: 0, Time: 0.07369494438171387, NFound: 5, Coef: 8
Round: 2, Attack Type: Statistical Attack, Error: 0, Time: 0.07973504066467285, NFound: 10, Coef: 10
