Round: 1, Attack Type: Statistical Attack, Error: 0, Time: 0.09384489059448242, NFound: 5, Coef: 8
Round: 2, Attack Type: Statistical Attack, Error: 0, Time: 0.10057187080383301, NFound: 10, Coef: 10
