Round: 1, Attack Type: Statistical Attack, Error: 0, Time: 0.07394576072692871, NFound: 5, Coef: 8
Round: 2, Attack Type: Statistical Attack, Error: 0, Time: 0.08249115943908691, NFound: 10, Coef: 10
