Round: 1, Attack Type: Statistical Attack, Error: 0, Time: 0.09920501708984375, NFound: 10, Coef: 10
Round: 2, Attack Type: Statistical Attack, Error: 0, Time: 0.10692501068115234, NFound: 10, Coef: 10
