Round: 1, Attack Type: Statistical Attack, Error: 0, Time: 0.09559893608093262, NFound: 10, Coef: 10
Round: 2, Attack Type: Statistical Attack, Error: 0, Time: 0.1052999496459961, NFound: 10, Coef: 10
