Round: 1, Attack Type: Statistical Attack, Error: 0, Time: 0.0653071403503418, NFound: 10, Coef: 10
Round: 2, Attack Type: Statistical Attack, Error: 0, Time: 0.06752204895019531, NFound: 10, Coef: 10
