Round: 1, Attack Type: Statistical Attack, Error: 0, Time: 0.09453606605529785, NFound: 5, Coef: 8
Round: 2, Attack Type: Statistical Attack, Error: 0, Time: 0.09767699241638184, NFound: 10, Coef: 10
