Round: 1, Attack Type: Statistical Attack, Error: 0, Time: 0.11732220649719238, NFound: 10, Coef: 10
Round: 2, Attack Type: Statistical Attack, Error: 0, Time: 0.07813310623168945, NFound: 10, Coef: 10
