Round: 1, Attack Type: Statistical Attack, Error: 0, Time: 0.08775877952575684, NFound: 10, Coef: 10
Round: 2, Attack Type: Statistical Attack, Error: 0, Time: 0.09997391700744629, NFound: 10, Coef: 10
