Round: 1, Attack Type: Statistical Attack, Error: 0, Time: 0.07322478294372559, NFound: 5, Coef: 8
Round: 2, Attack Type: Statistical Attack, Error: 0, Time: 0.07883906364440918, NFound: 10, Coef: 10
