Round: 1, Attack Type: Statistical Attack, Error: 0, Time: 0.07161903381347656, NFound: 10, Coef: 10
Round: 2, Attack Type: Statistical Attack, Error: 0, Time: 0.0731968879699707, NFound: 10, Coef: 10
