Round: 1, Attack Type: Statistical Attack, Error: 0, Time: 0.06960201263427734, NFound: 10, Coef: 10
Round: 2, Attack Type: Statistical Attack, Error: 0, Time: 0.08575701713562012, NFound: 10, Coef: 10
