Round: 1, Attack Type: Statistical Attack, Error: 0, Time: 0.08355569839477539, NFound: 10, Coef: 10
Round: 2, Attack Type: Statistical Attack, Error: 0, Time: 0.09857296943664551, NFound: 10, Coef: 10
