Round: 1, Attack Type: Statistical Attack, Error: 0, Time: 0.06855511665344238, NFound: 10, Coef: 10
Round: 2, Attack Type: Statistical Attack, Error: 0, Time: 0.08139395713806152, NFound: 10, Coef: 10
