Round: 1, Attack Type: Statistical Attack, Error: 0, Time: 0.10257196426391602, NFound: 5, Coef: 8
Round: 2, Attack Type: Statistical Attack, Error: 0, Time: 0.12294507026672363, NFound: 9, Coef: 8
