Round: 1, Attack Type: Statistical Attack, Error: 0, Time: 0.0724189281463623, NFound: 5, Coef: 8
Round: 2, Attack Type: Statistical Attack, Error: 0, Time: 0.08228182792663574, NFound: 10, Coef: 10
