Round: 1, Attack Type: Statistical Attack, Error: 0, Time: 0.0897667407989502, NFound: 5, Coef: 8
Round: 2, Attack Type: Statistical Attack, Error: 0, Time: 0.08703279495239258, NFound: 10, Coef: 10
