Round: 1, Attack Type: Statistical Attack, Error: 0, Time: 0.07594704627990723, NFound: 5, Coef: 8
Round: 2, Attack Type: Statistical Attack, Error: 0, Time: 0.08721685409545898, NFound: 10, Coef: 10
