Round: 1, Attack Type: Statistical Attack, Error: 0, Time: 0.07272005081176758, NFound: 10, Coef: 10
Round: 2, Attack Type: Statistical Attack, Error: 0, Time: 0.08543276786804199, NFound: 10, Coef: 10
