Round: 1, Attack Type: Statistical Attack, Error: 0, Time: 0.07447504997253418, NFound: 10, Coef: 10
Round: 2, Attack Type: Statistical Attack, Error: 0, Time: 0.07317304611206055, NFound: 10, Coef: 10
