Round: 1, Attack Type: Statistical Attack, Error: 0, Time: 0.07219529151916504, NFound: 10, Coef: 10
Round: 2, Attack Type: Statistical Attack, Error: 0, Time: 0.09559416770935059, NFound: 10, Coef: 10
