Round: 1, Attack Type: Statistical Attack, Error: 0, Time: 0.1031348705291748, NFound: 10, Coef: 10
Round: 2, Attack Type: Statistical Attack, Error: 0, Time: 0.11353707313537598, NFound: 10, Coef: 10
