Round: 1, Attack Type: Statistical Attack, Error: 0, Time: 0.09220504760742188, NFound: 10, Coef: 10
Round: 2, Attack Type: Statistical Attack, Error: 0, Time: 0.09650111198425293, NFound: 10, Coef: 10
