Round: 1, Attack Type: Statistical Attack, Error: 0, Time: 0.08498787879943848, NFound: 10, Coef: 10
Round: 2, Attack Type: Statistical Attack, Error: 0, Time: 0.0970759391784668, NFound: 10, Coef: 10
