Round: 1, Attack Type: Statistical Attack, Error: 0, Time: 0.07393217086791992, NFound: 5, Coef: 8
Round: 2, Attack Type: Statistical Attack, Error: 0, Time: 0.09438705444335938, NFound: 9, Coef: 8
