Round: 1, Attack Type: Statistical Attack, Error: 0, Time: 0.08968615531921387, NFound: 5, Coef: 8
Round: 2, Attack Type: Statistical Attack, Error: 0, Time: 0.08473801612854004, NFound: 10, Coef: 10
