Round: 1, Attack Type: Statistical Attack, Error: 0, Time: 0.0741581916809082, NFound: 5, Coef: 8
Round: 2, Attack Type: Statistical Attack, Error: 0, Time: 0.08244109153747559, NFound: 10, Coef: 10
