Round: 1, Attack Type: Statistical Attack, Error: 0, Time: 0.07941818237304688, NFound: 10, Coef: 10
Round: 2, Attack Type: Statistical Attack, Error: 0, Time: 0.07988405227661133, NFound: 10, Coef: 10
