Round: 1, Attack Type: Statistical Attack, Error: 0, Time: 0.06074786186218262, NFound: 5, Coef: 8
Round: 2, Attack Type: Statistical Attack, Error: 0, Time: 0.06697487831115723, NFound: 10, Coef: 10
