Round: 1, Attack Type: Statistical Attack, Error: 0, Time: 0.07370972633361816, NFound: 10, Coef: 10
Round: 2, Attack Type: Statistical Attack, Error: 0, Time: 0.07614803314208984, NFound: 10, Coef: 10
