Round: 1, Attack Type: Statistical Attack, Error: 0, Time: 0.08272504806518555, NFound: 5, Coef: 8
Round: 2, Attack Type: Statistical Attack, Error: 0, Time: 0.08134007453918457, NFound: 10, Coef: 10
