Round: 1, Attack Type: Statistical Attack, Error: 0, Time: 0.08417701721191406, NFound: 5, Coef: 8
Round: 2, Attack Type: Statistical Attack, Error: 0, Time: 0.08826923370361328, NFound: 9, Coef: 8
