Round: 1, Attack Type: Statistical Attack, Error: 0, Time: 0.07985806465148926, NFound: 5, Coef: 8
Round: 2, Attack Type: Statistical Attack, Error: 0, Time: 0.08937406539916992, NFound: 10, Coef: 10
