Round: 1, Attack Type: Statistical Attack, Error: 0, Time: 0.08155083656311035, NFound: 10, Coef: 10
Round: 2, Attack Type: Statistical Attack, Error: 0, Time: 0.08298707008361816, NFound: 10, Coef: 10
