Round: 1, Attack Type: Statistical Attack, Error: 0, Time: 0.07520389556884766, NFound: 10, Coef: 10
Round: 2, Attack Type: Statistical Attack, Error: 0, Time: 0.07987809181213379, NFound: 10, Coef: 10
