Round: 1, Attack Type: Statistical Attack, Error: 0, Time: 0.10866189002990723, NFound: 5, Coef: 8
Round: 2, Attack Type: Statistical Attack, Error: 0, Time: 0.1027069091796875, NFound: 10, Coef: 10
