Round: 1, Attack Type: Statistical Attack, Error: 0, Time: 0.08933091163635254, NFound: 5, Coef: 8
Round: 2, Attack Type: Statistical Attack, Error: 0, Time: 0.09130382537841797, NFound: 10, Coef: 10
