Round: 1, Attack Type: Statistical Attack, Error: 0, Time: 0.06061911582946777, NFound: 5, Coef: 8
Round: 2, Attack Type: Statistical Attack, Error: 0, Time: 0.06309700012207031, NFound: 10, Coef: 10
