Round: 1, Attack Type: Statistical Attack, Error: 0, Time: 0.0741109848022461, NFound: 10, Coef: 10
Round: 2, Attack Type: Statistical Attack, Error: 0, Time: 0.0760660171508789, NFound: 10, Coef: 10
