Round: 1, Attack Type: Statistical Attack, Error: 0, Time: 0.09851408004760742, NFound: 5, Coef: 8
Round: 2, Attack Type: Statistical Attack, Error: 0, Time: 0.10674405097961426, NFound: 10, Coef: 10
