Round: 1, Attack Type: Statistical Attack, Error: 0, Time: 0.056974172592163086, NFound: 5, Coef: 8
Round: 2, Attack Type: Statistical Attack, Error: 0, Time: 0.0639190673828125, NFound: 10, Coef: 10
