Round: 1, Attack Type: Statistical Attack, Error: 0, Time: 0.09175825119018555, NFound: 10, Coef: 10
Round: 2, Attack Type: Statistical Attack, Error: 0, Time: 0.10270214080810547, NFound: 10, Coef: 10
