Round: 1, Attack Type: Statistical Attack, Error: 0, Time: 0.08188009262084961, NFound: 10, Coef: 10
Round: 2, Attack Type: Statistical Attack, Error: 0, Time: 0.07719087600708008, NFound: 10, Coef: 10
