Round: 1, Attack Type: Statistical Attack, Error: 0, Time: 0.10247802734375, NFound: 5, Coef: 8
Round: 2, Attack Type: Statistical Attack, Error: 0, Time: 0.11911797523498535, NFound: 10, Coef: 10
