Round: 1, Attack Type: Statistical Attack, Error: 0, Time: 0.1156930923461914, NFound: 10, Coef: 10
Round: 2, Attack Type: Statistical Attack, Error: 0, Time: 0.10442590713500977, NFound: 10, Coef: 10
