Round: 1, Attack Type: Statistical Attack, Error: 0, Time: 0.07914400100708008, NFound: 5, Coef: 8
Round: 2, Attack Type: Statistical Attack, Error: 0, Time: 0.08091497421264648, NFound: 10, Coef: 10
