Round: 1, Attack Type: Statistical Attack, Error: 0, Time: 0.07834100723266602, NFound: 5, Coef: 8
Round: 2, Attack Type: Statistical Attack, Error: 0, Time: 0.09148311614990234, NFound: 10, Coef: 10
