Round: 1, Attack Type: Statistical Attack, Error: 0, Time: 0.07354021072387695, NFound: 10, Coef: 10
Round: 2, Attack Type: Statistical Attack, Error: 0, Time: 0.07956218719482422, NFound: 10, Coef: 10
