Round: 1, Attack Type: Statistical Attack, Error: 0, Time: 0.10219693183898926, NFound: 10, Coef: 10
Round: 2, Attack Type: Statistical Attack, Error: 0, Time: 0.09919881820678711, NFound: 10, Coef: 10
