Round: 1, Attack Type: Statistical Attack, Error: 0, Time: 0.10697007179260254, NFound: 5, Coef: 8
Round: 2, Attack Type: Statistical Attack, Error: 0, Time: 0.0950160026550293, NFound: 10, Coef: 10
