Round: 1, Attack Type: Statistical Attack, Error: 0, Time: 0.08401703834533691, NFound: 10, Coef: 10
Round: 2, Attack Type: Statistical Attack, Error: 0, Time: 0.08304786682128906, NFound: 10, Coef: 10
