Round: 1, Attack Type: Statistical Attack, Error: 0, Time: 0.09089207649230957, NFound: 10, Coef: 10
Round: 2, Attack Type: Statistical Attack, Error: 0, Time: 0.11414813995361328, NFound: 10, Coef: 10
