Round: 1, Attack Type: Statistical Attack, Error: 0, Time: 0.08617877960205078, NFound: 5, Coef: 8
Round: 2, Attack Type: Statistical Attack, Error: 0, Time: 0.09636902809143066, NFound: 10, Coef: 10
