Round: 1, Attack Type: Statistical Attack, Error: 0, Time: 0.07670378684997559, NFound: 5, Coef: 8
Round: 2, Attack Type: Statistical Attack, Error: 0, Time: 0.09287500381469727, NFound: 10, Coef: 10
