Round: 1, Attack Type: Statistical Attack, Error: 0, Time: 0.07588005065917969, NFound: 10, Coef: 10
Round: 2, Attack Type: Statistical Attack, Error: 0, Time: 0.07809901237487793, NFound: 10, Coef: 10
