Round: 1, Attack Type: Statistical Attack, Error: 0, Time: 0.07736563682556152, NFound: 5, Coef: 8
Round: 2, Attack Type: Statistical Attack, Error: 0, Time: 0.09378695487976074, NFound: 10, Coef: 10
