Round: 1, Attack Type: Statistical Attack, Error: 0, Time: 0.08162212371826172, NFound: 5, Coef: 8
Round: 2, Attack Type: Statistical Attack, Error: 0, Time: 0.09275007247924805, NFound: 9, Coef: 8
