Round: 1, Attack Type: Statistical Attack, Error: 0, Time: 0.08118295669555664, NFound: 5, Coef: 8
Round: 2, Attack Type: Statistical Attack, Error: 0, Time: 0.08862614631652832, NFound: 9, Coef: 8
