Round: 1, Attack Type: Statistical Attack, Error: 0, Time: 0.08411121368408203, NFound: 5, Coef: 8
Round: 2, Attack Type: Statistical Attack, Error: 0, Time: 0.08258485794067383, NFound: 10, Coef: 10
