Round: 1, Attack Type: Statistical Attack, Error: 0, Time: 0.058007001876831055, NFound: 5, Coef: 8
Round: 2, Attack Type: Statistical Attack, Error: 0, Time: 0.06743502616882324, NFound: 10, Coef: 10
