Round: 1, Attack Type: Statistical Attack, Error: 0, Time: 0.06774497032165527, NFound: 10, Coef: 10
Round: 2, Attack Type: Statistical Attack, Error: 0, Time: 0.08218598365783691, NFound: 10, Coef: 10
