Round: 1, Attack Type: Statistical Attack, Error: 0, Time: 0.10138201713562012, NFound: 5, Coef: 8
Round: 2, Attack Type: Statistical Attack, Error: 0, Time: 0.11211323738098145, NFound: 9, Coef: 8
