Round: 1, Attack Type: Statistical Attack, Error: 0, Time: 0.07774591445922852, NFound: 10, Coef: 10
Round: 2, Attack Type: Statistical Attack, Error: 0, Time: 0.0896298885345459, NFound: 10, Coef: 10
