Round: 1, Attack Type: Statistical Attack, Error: 0, Time: 0.07967424392700195, NFound: 5, Coef: 8
Round: 2, Attack Type: Statistical Attack, Error: 0, Time: 0.08298611640930176, NFound: 10, Coef: 10
