Round: 1, Attack Type: Statistical Attack, Error: 0, Time: 0.08272409439086914, NFound: 5, Coef: 8
Round: 2, Attack Type: Statistical Attack, Error: 0, Time: 0.09076809883117676, NFound: 10, Coef: 10
