Round: 1, Attack Type: Statistical Attack, Error: 0, Time: 0.08223485946655273, NFound: 10, Coef: 10
Round: 2, Attack Type: Statistical Attack, Error: 0, Time: 0.074462890625, NFound: 10, Coef: 10
