Round: 1, Attack Type: Statistical Attack, Error: 0, Time: 0.10234189033508301, NFound: 5, Coef: 8
Round: 2, Attack Type: Statistical Attack, Error: 0, Time: 0.11386704444885254, NFound: 10, Coef: 10
