Round: 1, Attack Type: Statistical Attack, Error: 0, Time: 0.11236023902893066, NFound: 5, Coef: 8
Round: 2, Attack Type: Statistical Attack, Error: 0, Time: 0.11804509162902832, NFound: 10, Coef: 10
