Round: 1, Attack Type: Statistical Attack, Error: 0, Time: 0.07213807106018066, NFound: 10, Coef: 10
Round: 2, Attack Type: Statistical Attack, Error: 0, Time: 0.07805013656616211, NFound: 10, Coef: 10
