Round: 1, Attack Type: Statistical Attack, Error: 0, Time: 0.07360315322875977, NFound: 5, Coef: 8
Round: 2, Attack Type: Statistical Attack, Error: 0, Time: 0.09066891670227051, NFound: 10, Coef: 10
