Round: 1, Attack Type: Statistical Attack, Error: 0, Time: 0.07749176025390625, NFound: 9, Coef: 8
Round: 2, Attack Type: Statistical Attack, Error: 0, Time: 0.08092164993286133, NFound: 10, Coef: 10
