Round: 1, Attack Type: Statistical Attack, Error: 0, Time: 0.07397294044494629, NFound: 10, Coef: 10
Round: 2, Attack Type: Statistical Attack, Error: 0, Time: 0.09029293060302734, NFound: 10, Coef: 10
