Round: 1, Attack Type: Statistical Attack, Error: 0, Time: 0.07641291618347168, NFound: 5, Coef: 8
Round: 2, Attack Type: Statistical Attack, Error: 0, Time: 0.08275485038757324, NFound: 10, Coef: 10
