Round: 1, Attack Type: Statistical Attack, Error: 0, Time: 0.06884312629699707, NFound: 10, Coef: 10
Round: 2, Attack Type: Statistical Attack, Error: 0, Time: 0.07739400863647461, NFound: 10, Coef: 10
