Round: 1, Attack Type: Statistical Attack, Error: 0, Time: 0.07430195808410645, NFound: 5, Coef: 8
Round: 2, Attack Type: Statistical Attack, Error: 0, Time: 0.08088016510009766, NFound: 10, Coef: 10
