Round: 1, Attack Type: Statistical Attack, Error: 0, Time: 0.07137799263000488, NFound: 10, Coef: 10
Round: 2, Attack Type: Statistical Attack, Error: 0, Time: 0.08115506172180176, NFound: 10, Coef: 10
