Round: 1, Attack Type: Statistical Attack, Error: 0, Time: 0.08808207511901855, NFound: 10, Coef: 10
Round: 2, Attack Type: Statistical Attack, Error: 0, Time: 0.10377717018127441, NFound: 10, Coef: 10
