Round: 1, Attack Type: Statistical Attack, Error: 0, Time: 0.06777691841125488, NFound: 5, Coef: 8
Round: 2, Attack Type: Statistical Attack, Error: 0, Time: 0.06947088241577148, NFound: 10, Coef: 10
