Round: 1, Attack Type: Statistical Attack, Error: 0, Time: 0.09195494651794434, NFound: 5, Coef: 8
Round: 2, Attack Type: Statistical Attack, Error: 0, Time: 0.08702611923217773, NFound: 10, Coef: 10
