Round: 1, Attack Type: Statistical Attack, Error: 0, Time: 0.0741267204284668, NFound: 5, Coef: 8
Round: 2, Attack Type: Statistical Attack, Error: 0, Time: 0.08307623863220215, NFound: 10, Coef: 10
