Round: 1, Attack Type: Statistical Attack, Error: 0, Time: 0.07721209526062012, NFound: 5, Coef: 8
Round: 2, Attack Type: Statistical Attack, Error: 0, Time: 0.08548307418823242, NFound: 10, Coef: 10
