Round: 1, Attack Type: Statistical Attack, Error: 0, Time: 0.10305500030517578, NFound: 10, Coef: 10
Round: 2, Attack Type: Statistical Attack, Error: 0, Time: 0.10495805740356445, NFound: 10, Coef: 10
