Round: 1, Attack Type: Statistical Attack, Error: 0, Time: 0.09851789474487305, NFound: 10, Coef: 10
Round: 2, Attack Type: Statistical Attack, Error: 0, Time: 0.13570499420166016, NFound: 9, Coef: 8
