Round: 1, Attack Type: Statistical Attack, Error: 0, Time: 0.07143402099609375, NFound: 10, Coef: 10
Round: 2, Attack Type: Statistical Attack, Error: 0, Time: 0.08418083190917969, NFound: 10, Coef: 10
