Round: 1, Attack Type: Statistical Attack, Error: 0, Time: 0.06207680702209473, NFound: 5, Coef: 8
Round: 2, Attack Type: Statistical Attack, Error: 0, Time: 0.06578993797302246, NFound: 10, Coef: 10
