Round: 1, Attack Type: Statistical Attack, Error: 0, Time: 0.07318615913391113, NFound: 10, Coef: 10
Round: 2, Attack Type: Statistical Attack, Error: 0, Time: 0.09227228164672852, NFound: 10, Coef: 10
