Round: 1, Attack Type: Statistical Attack, Error: 0, Time: 0.07432818412780762, NFound: 10, Coef: 10
Round: 2, Attack Type: Statistical Attack, Error: 0, Time: 0.08130884170532227, NFound: 10, Coef: 10
