Round: 1, Attack Type: Statistical Attack, Error: 0, Time: 0.10247588157653809, NFound: 10, Coef: 10
Round: 2, Attack Type: Statistical Attack, Error: 0, Time: 0.10876798629760742, NFound: 10, Coef: 10
