Round: 1, Attack Type: Statistical Attack, Error: 0, Time: 0.07803988456726074, NFound: 10, Coef: 10
Round: 2, Attack Type: Statistical Attack, Error: 0, Time: 0.08468294143676758, NFound: 10, Coef: 10
