Round: 1, Attack Type: Statistical Attack, Error: 0, Time: 0.07974576950073242, NFound: 5, Coef: 8
Round: 2, Attack Type: Statistical Attack, Error: 0, Time: 0.08488988876342773, NFound: 10, Coef: 10
