Round: 1, Attack Type: Statistical Attack, Error: 0, Time: 0.09015917778015137, NFound: 10, Coef: 10
Round: 2, Attack Type: Statistical Attack, Error: 0, Time: 0.11669611930847168, NFound: 10, Coef: 10
