Round: 1, Attack Type: Statistical Attack, Error: 0, Time: 0.08978080749511719, NFound: 10, Coef: 10
Round: 2, Attack Type: Statistical Attack, Error: 0, Time: 0.0985710620880127, NFound: 10, Coef: 10
