Round: 1, Attack Type: Statistical Attack, Error: 0, Time: 0.10045099258422852, NFound: 5, Coef: 8
Round: 2, Attack Type: Statistical Attack, Error: 0, Time: 0.10556912422180176, NFound: 10, Coef: 10
