Round: 1, Attack Type: Statistical Attack, Error: 0, Time: 0.1096498966217041, NFound: 5, Coef: 8
Round: 2, Attack Type: Statistical Attack, Error: 0, Time: 0.1094517707824707, NFound: 10, Coef: 10
