Round: 1, Attack Type: Statistical Attack, Error: 0, Time: 0.09442400932312012, NFound: 5, Coef: 8
Round: 2, Attack Type: Statistical Attack, Error: 0, Time: 0.07720184326171875, NFound: 10, Coef: 10
