Round: 1, Attack Type: Statistical Attack, Error: 0, Time: 0.07436299324035645, NFound: 10, Coef: 10
Round: 2, Attack Type: Statistical Attack, Error: 0, Time: 0.08192634582519531, NFound: 10, Coef: 10
