Round: 1, Attack Type: Statistical Attack, Error: 0, Time: 0.07906699180603027, NFound: 5, Coef: 8
Round: 2, Attack Type: Statistical Attack, Error: 0, Time: 0.0868988037109375, NFound: 10, Coef: 10
