Round: 1, Attack Type: Statistical Attack, Error: 0, Time: 0.07189702987670898, NFound: 10, Coef: 10
Round: 2, Attack Type: Statistical Attack, Error: 0, Time: 0.08740925788879395, NFound: 10, Coef: 10
