Round: 1, Attack Type: Statistical Attack, Error: 0, Time: 0.07276415824890137, NFound: 5, Coef: 8
Round: 2, Attack Type: Statistical Attack, Error: 0, Time: 0.07461285591125488, NFound: 10, Coef: 10
