Round: 1, Attack Type: Statistical Attack, Error: 0, Time: 0.09548211097717285, NFound: 5, Coef: 8
Round: 2, Attack Type: Statistical Attack, Error: 0, Time: 0.10136985778808594, NFound: 10, Coef: 10
