Round: 1, Attack Type: Statistical Attack, Error: 0, Time: 0.07603979110717773, NFound: 5, Coef: 8
Round: 2, Attack Type: Statistical Attack, Error: 0, Time: 0.08687186241149902, NFound: 10, Coef: 10
