Round: 1, Attack Type: Statistical Attack, Error: 0, Time: 0.07888007164001465, NFound: 5, Coef: 8
Round: 2, Attack Type: Statistical Attack, Error: 0, Time: 0.0838010311126709, NFound: 10, Coef: 10
