Round: 1, Attack Type: Statistical Attack, Error: 0, Time: 0.06876611709594727, NFound: 10, Coef: 10
Round: 2, Attack Type: Statistical Attack, Error: 0, Time: 0.06348180770874023, NFound: 10, Coef: 10
