Round: 1, Attack Type: Statistical Attack, Error: 0, Time: 0.06334185600280762, NFound: 10, Coef: 10
Round: 2, Attack Type: Statistical Attack, Error: 0, Time: 0.06720280647277832, NFound: 10, Coef: 10
