Round: 1, Attack Type: Statistical Attack, Error: 0, Time: 0.06974220275878906, NFound: 10, Coef: 10
Round: 2, Attack Type: Statistical Attack, Error: 0, Time: 0.07303977012634277, NFound: 10, Coef: 10
