Round: 1, Attack Type: Statistical Attack, Error: 0, Time: 0.10103201866149902, NFound: 10, Coef: 10
Round: 2, Attack Type: Statistical Attack, Error: 0, Time: 0.12855887413024902, NFound: 9, Coef: 8
