Round: 1, Attack Type: Statistical Attack, Error: 0, Time: 0.0620269775390625, NFound: 10, Coef: 10
Round: 2, Attack Type: Statistical Attack, Error: 0, Time: 0.07196521759033203, NFound: 10, Coef: 10
