Round: 1, Attack Type: Statistical Attack, Error: 0, Time: 0.07349300384521484, NFound: 5, Coef: 8
Round: 2, Attack Type: Statistical Attack, Error: 0, Time: 0.08044886589050293, NFound: 10, Coef: 10
