Round: 1, Attack Type: Statistical Attack, Error: 0, Time: 0.07948684692382812, NFound: 5, Coef: 8
Round: 2, Attack Type: Statistical Attack, Error: 0, Time: 0.08961796760559082, NFound: 9, Coef: 8
