Round: 1, Attack Type: Statistical Attack, Error: 0, Time: 0.07643413543701172, NFound: 5, Coef: 8
Round: 2, Attack Type: Statistical Attack, Error: 0, Time: 0.0829160213470459, NFound: 10, Coef: 10
