Round: 1, Attack Type: Statistical Attack, Error: 0, Time: 0.08273720741271973, NFound: 10, Coef: 10
Round: 2, Attack Type: Statistical Attack, Error: 0, Time: 0.08372807502746582, NFound: 10, Coef: 10
