Round: 1, Attack Type: Statistical Attack, Error: 0, Time: 0.08317708969116211, NFound: 10, Coef: 10
Round: 2, Attack Type: Statistical Attack, Error: 0, Time: 0.09773373603820801, NFound: 10, Coef: 10
