Round: 1, Attack Type: Statistical Attack, Error: 0, Time: 0.07225394248962402, NFound: 5, Coef: 8
Round: 2, Attack Type: Statistical Attack, Error: 0, Time: 0.0869600772857666, NFound: 10, Coef: 10
