Round: 1, Attack Type: Statistical Attack, Error: 0, Time: 0.09928607940673828, NFound: 10, Coef: 10
Round: 2, Attack Type: Statistical Attack, Error: 0, Time: 0.10854768753051758, NFound: 10, Coef: 10
