Round: 1, Attack Type: Statistical Attack, Error: 0, Time: 0.0722041130065918, NFound: 10, Coef: 10
Round: 2, Attack Type: Statistical Attack, Error: 0, Time: 0.0763099193572998, NFound: 10, Coef: 10
