Round: 1, Attack Type: Statistical Attack, Error: 0, Time: 0.08427691459655762, NFound: 10, Coef: 10
Round: 2, Attack Type: Statistical Attack, Error: 0, Time: 0.08409500122070312, NFound: 10, Coef: 10
