Round: 1, Attack Type: Statistical Attack, Error: 0, Time: 0.07349991798400879, NFound: 5, Coef: 8
Round: 2, Attack Type: Statistical Attack, Error: 0, Time: 0.07528209686279297, NFound: 10, Coef: 10
