Round: 1, Attack Type: Statistical Attack, Error: 0, Time: 0.07487177848815918, NFound: 5, Coef: 8
Round: 2, Attack Type: Statistical Attack, Error: 0, Time: 0.08419394493103027, NFound: 10, Coef: 10
