Round: 1, Attack Type: Statistical Attack, Error: 0, Time: 0.06605005264282227, NFound: 10, Coef: 10
Round: 2, Attack Type: Statistical Attack, Error: 0, Time: 0.08235764503479004, NFound: 10, Coef: 10
