Round: 1, Attack Type: Statistical Attack, Error: 0, Time: 0.08817696571350098, NFound: 10, Coef: 10
Round: 2, Attack Type: Statistical Attack, Error: 0, Time: 0.08933806419372559, NFound: 10, Coef: 10
