Round: 1, Attack Type: Statistical Attack, Error: 0, Time: 0.07113194465637207, NFound: 10, Coef: 10
Round: 2, Attack Type: Statistical Attack, Error: 0, Time: 0.08639812469482422, NFound: 10, Coef: 10
