Round: 1, Attack Type: Statistical Attack, Error: 0, Time: 0.10244512557983398, NFound: 5, Coef: 8
Round: 2, Attack Type: Statistical Attack, Error: 0, Time: 0.1259620189666748, NFound: 10, Coef: 10
