Round: 1, Attack Type: Statistical Attack, Error: 0, Time: 0.11603474617004395, NFound: 10, Coef: 10
Round: 2, Attack Type: Statistical Attack, Error: 0, Time: 0.13894200325012207, NFound: 10, Coef: 10
