Round: 1, Attack Type: Statistical Attack, Error: 0, Time: 0.07988500595092773, NFound: 5, Coef: 8
Round: 2, Attack Type: Statistical Attack, Error: 0, Time: 0.08056497573852539, NFound: 10, Coef: 10
