Round: 1, Attack Type: Statistical Attack, Error: 0, Time: 0.07510113716125488, NFound: 10, Coef: 10
Round: 2, Attack Type: Statistical Attack, Error: 0, Time: 0.08175396919250488, NFound: 10, Coef: 10
