Round: 1, Attack Type: Statistical Attack, Error: 0, Time: 0.08476781845092773, NFound: 5, Coef: 8
Round: 2, Attack Type: Statistical Attack, Error: 0, Time: 0.08017683029174805, NFound: 10, Coef: 10
