Round: 1, Attack Type: Statistical Attack, Error: 0, Time: 0.07342886924743652, NFound: 10, Coef: 10
Round: 2, Attack Type: Statistical Attack, Error: 0, Time: 0.08415007591247559, NFound: 10, Coef: 10
