Round: 1, Attack Type: Statistical Attack, Error: 0, Time: 0.07206296920776367, NFound: 5, Coef: 8
Round: 2, Attack Type: Statistical Attack, Error: 0, Time: 0.08408999443054199, NFound: 10, Coef: 10
