Round: 1, Attack Type: Statistical Attack, Error: 0, Time: 0.07055425643920898, NFound: 10, Coef: 10
Round: 2, Attack Type: Statistical Attack, Error: 0, Time: 0.08697390556335449, NFound: 10, Coef: 10
