Round: 1, Attack Type: Statistical Attack, Error: 0, Time: 0.06029987335205078, NFound: 10, Coef: 10
Round: 2, Attack Type: Statistical Attack, Error: 0, Time: 0.06910991668701172, NFound: 10, Coef: 10
