Round: 1, Attack Type: Statistical Attack, Error: 0, Time: 0.07267379760742188, NFound: 10, Coef: 10
Round: 2, Attack Type: Statistical Attack, Error: 0, Time: 0.07622909545898438, NFound: 10, Coef: 10
