Round: 1, Attack Type: Statistical Attack, Error: 0, Time: 0.07537102699279785, NFound: 5, Coef: 8
Round: 2, Attack Type: Statistical Attack, Error: 0, Time: 0.08013391494750977, NFound: 10, Coef: 10
