Round: 1, Attack Type: Statistical Attack, Error: 0, Time: 0.1050407886505127, NFound: 10, Coef: 10
Round: 2, Attack Type: Statistical Attack, Error: 0, Time: 0.13256096839904785, NFound: 10, Coef: 10
