Round: 1, Attack Type: Statistical Attack, Error: 0, Time: 0.10587596893310547, NFound: 5, Coef: 8
Round: 2, Attack Type: Statistical Attack, Error: 0, Time: 0.10274577140808105, NFound: 9, Coef: 8
