Round: 1, Attack Type: Statistical Attack, Error: 0, Time: 0.0795283317565918, NFound: 9, Coef: 8
Round: 2, Attack Type: Statistical Attack, Error: 0, Time: 0.07831907272338867, NFound: 10, Coef: 10
