Round: 1, Attack Type: Statistical Attack, Error: 0, Time: 0.07227301597595215, NFound: 5, Coef: 8
Round: 2, Attack Type: Statistical Attack, Error: 0, Time: 0.07982110977172852, NFound: 10, Coef: 10
