Round: 1, Attack Type: Statistical Attack, Error: 0, Time: 0.08207011222839355, NFound: 5, Coef: 8
Round: 2, Attack Type: Statistical Attack, Error: 0, Time: 0.07593393325805664, NFound: 10, Coef: 10
