Round: 1, Attack Type: Statistical Attack, Error: 0, Time: 0.07106781005859375, NFound: 10, Coef: 10
Round: 2, Attack Type: Statistical Attack, Error: 0, Time: 0.07745003700256348, NFound: 10, Coef: 10
