Round: 1, Attack Type: Statistical Attack, Error: 0, Time: 0.10262799263000488, NFound: 10, Coef: 10
Round: 2, Attack Type: Statistical Attack, Error: 0, Time: 0.10255217552185059, NFound: 10, Coef: 10
