Round: 1, Attack Type: Statistical Attack, Error: 0, Time: 0.16505813598632812, NFound: 10, Coef: 10
Round: 2, Attack Type: Statistical Attack, Error: 0, Time: 0.09465909004211426, NFound: 10, Coef: 10
