Round: 1, Attack Type: Statistical Attack, Error: 0, Time: 0.06369304656982422, NFound: 5, Coef: 8
Round: 2, Attack Type: Statistical Attack, Error: 0, Time: 0.06686210632324219, NFound: 10, Coef: 10
