Round: 1, Attack Type: Statistical Attack, Error: 0, Time: 0.09530806541442871, NFound: 10, Coef: 10
Round: 2, Attack Type: Statistical Attack, Error: 0, Time: 0.10165810585021973, NFound: 10, Coef: 10
