Round: 1, Attack Type: Statistical Attack, Error: 0, Time: 0.07996296882629395, NFound: 10, Coef: 10
Round: 2, Attack Type: Statistical Attack, Error: 0, Time: 0.07981991767883301, NFound: 10, Coef: 10
