Round: 1, Attack Type: Statistical Attack, Error: 0, Time: 0.07090997695922852, NFound: 10, Coef: 10
Round: 2, Attack Type: Statistical Attack, Error: 0, Time: 0.08947610855102539, NFound: 10, Coef: 10
