Round: 1, Attack Type: Statistical Attack, Error: 0, Time: 0.09402894973754883, NFound: 10, Coef: 10
Round: 2, Attack Type: Statistical Attack, Error: 0, Time: 0.1039590835571289, NFound: 10, Coef: 10
