Round: 1, Attack Type: Statistical Attack, Error: 0, Time: 0.07632613182067871, NFound: 5, Coef: 8
Round: 2, Attack Type: Statistical Attack, Error: 0, Time: 0.07799816131591797, NFound: 8, Coef: 8
