Round: 1, Attack Type: Statistical Attack, Error: 0, Time: 0.09225010871887207, NFound: 5, Coef: 8
Round: 2, Attack Type: Statistical Attack, Error: 0, Time: 0.10299897193908691, NFound: 10, Coef: 10
