Round: 1, Attack Type: Statistical Attack, Error: 0, Time: 0.06560111045837402, NFound: 5, Coef: 8
Round: 2, Attack Type: Statistical Attack, Error: 0, Time: 0.08097410202026367, NFound: 10, Coef: 10
