Round: 1, Attack Type: Statistical Attack, Error: 0, Time: 0.06220293045043945, NFound: 5, Coef: 8
Round: 2, Attack Type: Statistical Attack, Error: 0, Time: 0.06670999526977539, NFound: 10, Coef: 10
