Round: 1, Attack Type: Statistical Attack, Error: 0, Time: 0.10702300071716309, NFound: 5, Coef: 8
Round: 2, Attack Type: Statistical Attack, Error: 0, Time: 0.11328411102294922, NFound: 10, Coef: 10
