Round: 1, Attack Type: Statistical Attack, Error: 0, Time: 0.0752420425415039, NFound: 10, Coef: 10
Round: 2, Attack Type: Statistical Attack, Error: 0, Time: 0.08082985877990723, NFound: 10, Coef: 10
