Round: 1, Attack Type: Statistical Attack, Error: 0, Time: 0.0816349983215332, NFound: 10, Coef: 10
Round: 2, Attack Type: Statistical Attack, Error: 0, Time: 0.08928108215332031, NFound: 10, Coef: 10
