Round: 1, Attack Type: Statistical Attack, Error: 0, Time: 0.09521698951721191, NFound: 10, Coef: 10
Round: 2, Attack Type: Statistical Attack, Error: 0, Time: 0.09919404983520508, NFound: 10, Coef: 10
