Round: 1, Attack Type: Statistical Attack, Error: 0, Time: 0.18992209434509277, NFound: 5, Coef: 8
Round: 2, Attack Type: Statistical Attack, Error: 0, Time: 0.10077118873596191, NFound: 10, Coef: 10
