Round: 1, Attack Type: Statistical Attack, Error: 0, Time: 0.08041596412658691, NFound: 10, Coef: 10
Round: 2, Attack Type: Statistical Attack, Error: 0, Time: 0.08293771743774414, NFound: 10, Coef: 10
