Round: 1, Attack Type: Statistical Attack, Error: 0, Time: 0.09310507774353027, NFound: 5, Coef: 8
Round: 2, Attack Type: Statistical Attack, Error: 0, Time: 0.09781289100646973, NFound: 10, Coef: 10
