Round: 1, Attack Type: Statistical Attack, Error: 0, Time: 0.07631421089172363, NFound: 10, Coef: 10
Round: 2, Attack Type: Statistical Attack, Error: 0, Time: 0.10089492797851562, NFound: 10, Coef: 10
