Round: 1, Attack Type: Statistical Attack, Error: 0, Time: 0.0881810188293457, NFound: 10, Coef: 10
Round: 2, Attack Type: Statistical Attack, Error: 0, Time: 0.09252715110778809, NFound: 10, Coef: 10
