Round: 1, Attack Type: Statistical Attack, Error: 0, Time: 0.07363510131835938, NFound: 10, Coef: 10
Round: 2, Attack Type: Statistical Attack, Error: 0, Time: 0.07557082176208496, NFound: 10, Coef: 10
