Round: 1, Attack Type: Statistical Attack, Error: 0, Time: 0.06932401657104492, NFound: 5, Coef: 8
Round: 2, Attack Type: Statistical Attack, Error: 0, Time: 0.08386993408203125, NFound: 10, Coef: 10
