Round: 1, Attack Type: Statistical Attack, Error: 0, Time: 0.07044577598571777, NFound: 5, Coef: 8
Round: 2, Attack Type: Statistical Attack, Error: 0, Time: 0.08513998985290527, NFound: 10, Coef: 10
