Round: 1, Attack Type: Statistical Attack, Error: 0, Time: 0.0959780216217041, NFound: 5, Coef: 8
Round: 2, Attack Type: Statistical Attack, Error: 0, Time: 0.09719705581665039, NFound: 10, Coef: 10
