Round: 1, Attack Type: Statistical Attack, Error: 0, Time: 0.08538126945495605, NFound: 5, Coef: 8
Round: 2, Attack Type: Statistical Attack, Error: 0, Time: 0.07914018630981445, NFound: 10, Coef: 10
