Round: 1, Attack Type: Statistical Attack, Error: 0, Time: 0.07736086845397949, NFound: 10, Coef: 10
Round: 2, Attack Type: Statistical Attack, Error: 0, Time: 0.09401893615722656, NFound: 10, Coef: 10
