Round: 1, Attack Type: Statistical Attack, Error: 0, Time: 0.09917187690734863, NFound: 5, Coef: 8
Round: 2, Attack Type: Statistical Attack, Error: 0, Time: 0.10074710845947266, NFound: 10, Coef: 10
