Round: 1, Attack Type: Statistical Attack, Error: 0, Time: 0.1025547981262207, NFound: 5, Coef: 8
Round: 2, Attack Type: Statistical Attack, Error: 0, Time: 0.12450575828552246, NFound: 10, Coef: 10
