Round: 1, Attack Type: Statistical Attack, Error: 0, Time: 0.0869760513305664, NFound: 10, Coef: 10
Round: 2, Attack Type: Statistical Attack, Error: 0, Time: 0.09927868843078613, NFound: 10, Coef: 10
