Round: 1, Attack Type: Statistical Attack, Error: 0, Time: 0.09357905387878418, NFound: 5, Coef: 8
Round: 2, Attack Type: Statistical Attack, Error: 0, Time: 0.09197688102722168, NFound: 10, Coef: 10
