Round: 1, Attack Type: Statistical Attack, Error: 0, Time: 0.07188296318054199, NFound: 10, Coef: 10
Round: 2, Attack Type: Statistical Attack, Error: 0, Time: 0.07880592346191406, NFound: 10, Coef: 10
