Round: 1, Attack Type: Statistical Attack, Error: 0, Time: 0.10089540481567383, NFound: 5, Coef: 8
Round: 2, Attack Type: Statistical Attack, Error: 0, Time: 0.09953618049621582, NFound: 10, Coef: 10
