Round: 1, Attack Type: Statistical Attack, Error: 0, Time: 0.08037900924682617, NFound: 5, Coef: 8
Round: 2, Attack Type: Statistical Attack, Error: 0, Time: 0.07460403442382812, NFound: 10, Coef: 10
