Round: 1, Attack Type: Statistical Attack, Error: 0, Time: 0.07596015930175781, NFound: 10, Coef: 10
Round: 2, Attack Type: Statistical Attack, Error: 0, Time: 0.07553791999816895, NFound: 10, Coef: 10
