Round: 1, Attack Type: Statistical Attack, Error: 0, Time: 0.06282186508178711, NFound: 10, Coef: 10
Round: 2, Attack Type: Statistical Attack, Error: 0, Time: 0.06836390495300293, NFound: 10, Coef: 10
