Round: 1, Attack Type: Statistical Attack, Error: 0, Time: 0.09743785858154297, NFound: 10, Coef: 10
Round: 2, Attack Type: Statistical Attack, Error: 0, Time: 0.10630106925964355, NFound: 10, Coef: 10
