Round: 1, Attack Type: Statistical Attack, Error: 0, Time: 0.07847285270690918, NFound: 5, Coef: 8
Round: 2, Attack Type: Statistical Attack, Error: 0, Time: 0.09002804756164551, NFound: 10, Coef: 10
