Round: 1, Attack Type: Statistical Attack, Error: 0, Time: 0.09190702438354492, NFound: 5, Coef: 8
Round: 2, Attack Type: Statistical Attack, Error: 0, Time: 0.09661316871643066, NFound: 10, Coef: 10
