Round: 1, Attack Type: Statistical Attack, Error: 0, Time: 0.07044005393981934, NFound: 5, Coef: 8
Round: 2, Attack Type: Statistical Attack, Error: 0, Time: 0.08394479751586914, NFound: 10, Coef: 10
