Round: 1, Attack Type: Statistical Attack, Error: 0, Time: 0.11384391784667969, NFound: 5, Coef: 8
Round: 2, Attack Type: Statistical Attack, Error: 0, Time: 0.11158895492553711, NFound: 10, Coef: 10
