Round: 1, Attack Type: Statistical Attack, Error: 0, Time: 0.07312202453613281, NFound: 5, Coef: 8
Round: 2, Attack Type: Statistical Attack, Error: 0, Time: 0.0896918773651123, NFound: 10, Coef: 10
