Round: 1, Attack Type: Statistical Attack, Error: 0, Time: 0.07532167434692383, NFound: 10, Coef: 10
Round: 2, Attack Type: Statistical Attack, Error: 0, Time: 0.0763859748840332, NFound: 10, Coef: 10
