Round: 1, Attack Type: Statistical Attack, Error: 0, Time: 0.06286883354187012, NFound: 10, Coef: 10
Round: 2, Attack Type: Statistical Attack, Error: 0, Time: 0.06572985649108887, NFound: 10, Coef: 10
