Round: 1, Attack Type: Statistical Attack, Error: 0, Time: 0.10645079612731934, NFound: 10, Coef: 10
Round: 2, Attack Type: Statistical Attack, Error: 0, Time: 0.10274219512939453, NFound: 10, Coef: 10
