Round: 1, Attack Type: Statistical Attack, Error: 0, Time: 0.07398200035095215, NFound: 5, Coef: 8
Round: 2, Attack Type: Statistical Attack, Error: 0, Time: 0.07721185684204102, NFound: 10, Coef: 10
