Round: 1, Attack Type: Statistical Attack, Error: 0, Time: 0.06021308898925781, NFound: 10, Coef: 10
Round: 2, Attack Type: Statistical Attack, Error: 0, Time: 0.06903624534606934, NFound: 10, Coef: 10
