Round: 1, Attack Type: Statistical Attack, Error: 0, Time: 0.06940412521362305, NFound: 5, Coef: 8
Round: 2, Attack Type: Statistical Attack, Error: 0, Time: 0.07067394256591797, NFound: 10, Coef: 10
