Round: 1, Attack Type: Statistical Attack, Error: 0, Time: 0.0764317512512207, NFound: 5, Coef: 8
Round: 2, Attack Type: Statistical Attack, Error: 0, Time: 0.08917880058288574, NFound: 9, Coef: 8
