Round: 1, Attack Type: Statistical Attack, Error: 0, Time: 0.14494776725769043, NFound: 5, Coef: 8
Round: 2, Attack Type: Statistical Attack, Error: 0, Time: 0.09922289848327637, NFound: 10, Coef: 10
