Round: 1, Attack Type: Statistical Attack, Error: 0, Time: 0.09265613555908203, NFound: 5, Coef: 8
Round: 2, Attack Type: Statistical Attack, Error: 0, Time: 0.10895800590515137, NFound: 10, Coef: 10
