Round: 1, Attack Type: Statistical Attack, Error: 0, Time: 0.0650789737701416, NFound: 10, Coef: 10
Round: 2, Attack Type: Statistical Attack, Error: 0, Time: 0.07414507865905762, NFound: 10, Coef: 10
