Round: 1, Attack Type: Statistical Attack, Error: 0, Time: 0.07186579704284668, NFound: 10, Coef: 10
Round: 2, Attack Type: Statistical Attack, Error: 0, Time: 0.08293795585632324, NFound: 10, Coef: 10
