Round: 1, Attack Type: Statistical Attack, Error: 0, Time: 0.08279013633728027, NFound: 10, Coef: 10
Round: 2, Attack Type: Statistical Attack, Error: 0, Time: 0.0869441032409668, NFound: 10, Coef: 10
