Round: 1, Attack Type: Statistical Attack, Error: 0, Time: 0.07039284706115723, NFound: 10, Coef: 10
Round: 2, Attack Type: Statistical Attack, Error: 0, Time: 0.09037423133850098, NFound: 10, Coef: 10
