Round: 1, Attack Type: Statistical Attack, Error: 0, Time: 0.09289717674255371, NFound: 10, Coef: 10
Round: 2, Attack Type: Statistical Attack, Error: 0, Time: 0.10146665573120117, NFound: 10, Coef: 10
