Round: 1, Attack Type: Statistical Attack, Error: 0, Time: 0.0769810676574707, NFound: 5, Coef: 8
Round: 2, Attack Type: Statistical Attack, Error: 0, Time: 0.0924839973449707, NFound: 10, Coef: 10
