Round: 1, Attack Type: Statistical Attack, Error: 0, Time: 0.0645451545715332, NFound: 10, Coef: 10
Round: 2, Attack Type: Statistical Attack, Error: 0, Time: 0.06502175331115723, NFound: 10, Coef: 10
