Round: 1, Attack Type: Statistical Attack, Error: 0, Time: 0.08092069625854492, NFound: 10, Coef: 10
Round: 2, Attack Type: Statistical Attack, Error: 0, Time: 0.07714509963989258, NFound: 10, Coef: 10
