Round: 1, Attack Type: Statistical Attack, Error: 0, Time: 0.08093738555908203, NFound: 5, Coef: 8
Round: 2, Attack Type: Statistical Attack, Error: 0, Time: 0.08214092254638672, NFound: 10, Coef: 10
