Round: 1, Attack Type: Statistical Attack, Error: 0, Time: 0.09508800506591797, NFound: 5, Coef: 8
Round: 2, Attack Type: Statistical Attack, Error: 0, Time: 0.0999150276184082, NFound: 10, Coef: 10
