Round: 1, Attack Type: Statistical Attack, Error: 0, Time: 0.06232404708862305, NFound: 5, Coef: 8
Round: 2, Attack Type: Statistical Attack, Error: 0, Time: 0.06665396690368652, NFound: 10, Coef: 10
