Round: 1, Attack Type: Statistical Attack, Error: 0, Time: 0.07741999626159668, NFound: 10, Coef: 10
Round: 2, Attack Type: Statistical Attack, Error: 0, Time: 0.08114385604858398, NFound: 10, Coef: 10
