Round: 1, Attack Type: Statistical Attack, Error: 0, Time: 0.07838320732116699, NFound: 10, Coef: 10
Round: 2, Attack Type: Statistical Attack, Error: 0, Time: 0.07383489608764648, NFound: 10, Coef: 10
