Round: 1, Attack Type: Statistical Attack, Error: 0, Time: 0.07103419303894043, NFound: 10, Coef: 10
Round: 2, Attack Type: Statistical Attack, Error: 0, Time: 0.07996106147766113, NFound: 10, Coef: 10
