Round: 1, Attack Type: Statistical Attack, Error: 0, Time: 0.07611298561096191, NFound: 10, Coef: 10
Round: 2, Attack Type: Statistical Attack, Error: 0, Time: 0.07600998878479004, NFound: 10, Coef: 10
