Round: 1, Attack Type: Statistical Attack, Error: 0, Time: 0.0741119384765625, NFound: 10, Coef: 10
Round: 2, Attack Type: Statistical Attack, Error: 0, Time: 0.0749368667602539, NFound: 10, Coef: 10
