Round: 1, Attack Type: Statistical Attack, Error: 0, Time: 0.09563541412353516, NFound: 9, Coef: 8
Round: 2, Attack Type: Statistical Attack, Error: 0, Time: 0.09645891189575195, NFound: 10, Coef: 10
