Round: 1, Attack Type: Statistical Attack, Error: 0, Time: 0.05859708786010742, NFound: 10, Coef: 10
Round: 2, Attack Type: Statistical Attack, Error: 0, Time: 0.08840394020080566, NFound: 10, Coef: 10
