Round: 1, Attack Type: Statistical Attack, Error: 0, Time: 0.0859372615814209, NFound: 10, Coef: 10
Round: 2, Attack Type: Statistical Attack, Error: 0, Time: 0.11079812049865723, NFound: 10, Coef: 10
