Round: 1, Attack Type: Statistical Attack, Error: 0, Time: 0.09416484832763672, NFound: 5, Coef: 8
Round: 2, Attack Type: Statistical Attack, Error: 0, Time: 0.09660696983337402, NFound: 10, Coef: 10
