Round: 1, Attack Type: Statistical Attack, Error: 0, Time: 0.0967869758605957, NFound: 5, Coef: 8
Round: 2, Attack Type: Statistical Attack, Error: 0, Time: 0.09557294845581055, NFound: 10, Coef: 10
