Round: 1, Attack Type: Statistical Attack, Error: 0, Time: 0.0906209945678711, NFound: 5, Coef: 8
Round: 2, Attack Type: Statistical Attack, Error: 0, Time: 0.10014200210571289, NFound: 10, Coef: 10
