Round: 1, Attack Type: Statistical Attack, Error: 0, Time: 0.07329988479614258, NFound: 10, Coef: 10
Round: 2, Attack Type: Statistical Attack, Error: 0, Time: 0.08228302001953125, NFound: 10, Coef: 10
