Round: 1, Attack Type: Statistical Attack, Error: 0, Time: 0.13479995727539062, NFound: 10, Coef: 10
Round: 2, Attack Type: Statistical Attack, Error: 0, Time: 0.15143918991088867, NFound: 10, Coef: 10
