Round: 1, Attack Type: Statistical Attack, Error: 0, Time: 0.1078500747680664, NFound: 10, Coef: 10
Round: 2, Attack Type: Statistical Attack, Error: 0, Time: 0.10980892181396484, NFound: 10, Coef: 10
