Round: 1, Attack Type: Statistical Attack, Error: 0, Time: 0.08831787109375, NFound: 5, Coef: 8
Round: 2, Attack Type: Statistical Attack, Error: 0, Time: 0.11453795433044434, NFound: 10, Coef: 10
