Round: 1, Attack Type: Statistical Attack, Error: 0, Time: 0.0746150016784668, NFound: 5, Coef: 8
Round: 2, Attack Type: Statistical Attack, Error: 0, Time: 0.07241487503051758, NFound: 10, Coef: 10
