Round: 1, Attack Type: Statistical Attack, Error: 0, Time: 0.0796661376953125, NFound: 10, Coef: 10
Round: 2, Attack Type: Statistical Attack, Error: 0, Time: 0.08524322509765625, NFound: 9, Coef: 8
