Round: 1, Attack Type: Statistical Attack, Error: 0, Time: 0.10433697700500488, NFound: 10, Coef: 10
Round: 2, Attack Type: Statistical Attack, Error: 0, Time: 0.14739203453063965, NFound: 10, Coef: 10
