Round: 1, Attack Type: Statistical Attack, Error: 0, Time: 0.07514309883117676, NFound: 5, Coef: 8
Round: 2, Attack Type: Statistical Attack, Error: 0, Time: 0.08577632904052734, NFound: 10, Coef: 10
