Round: 1, Attack Type: Statistical Attack, Error: 0, Time: 0.07521414756774902, NFound: 10, Coef: 10
Round: 2, Attack Type: Statistical Attack, Error: 0, Time: 0.08561825752258301, NFound: 10, Coef: 10
