Round: 1, Attack Type: Statistical Attack, Error: 0, Time: 0.07096672058105469, NFound: 10, Coef: 10
Round: 2, Attack Type: Statistical Attack, Error: 0, Time: 0.07967686653137207, NFound: 10, Coef: 10
