Round: 1, Attack Type: Statistical Attack, Error: 0, Time: 0.07548713684082031, NFound: 10, Coef: 10
Round: 2, Attack Type: Statistical Attack, Error: 0, Time: 0.08588695526123047, NFound: 10, Coef: 10
