Round: 1, Attack Type: Statistical Attack, Error: 0, Time: 0.07393789291381836, NFound: 10, Coef: 10
Round: 2, Attack Type: Statistical Attack, Error: 0, Time: 0.08243203163146973, NFound: 10, Coef: 10
