Round: 1, Attack Type: Statistical Attack, Error: 0, Time: 0.07190704345703125, NFound: 10, Coef: 10
Round: 2, Attack Type: Statistical Attack, Error: 0, Time: 0.08338093757629395, NFound: 10, Coef: 10
