Round: 1, Attack Type: Statistical Attack, Error: 0, Time: 0.07482504844665527, NFound: 5, Coef: 8
Round: 2, Attack Type: Statistical Attack, Error: 0, Time: 0.07929205894470215, NFound: 10, Coef: 10
