Round: 1, Attack Type: Statistical Attack, Error: 0, Time: 0.08976197242736816, NFound: 5, Coef: 8
Round: 2, Attack Type: Statistical Attack, Error: 0, Time: 0.0987999439239502, NFound: 10, Coef: 10
