Round: 1, Attack Type: Statistical Attack, Error: 0, Time: 0.07599115371704102, NFound: 10, Coef: 10
Round: 2, Attack Type: Statistical Attack, Error: 0, Time: 0.10739612579345703, NFound: 10, Coef: 10
