Round: 1, Attack Type: Statistical Attack, Error: 0, Time: 0.11296415328979492, NFound: 5, Coef: 8
Round: 2, Attack Type: Statistical Attack, Error: 0, Time: 0.11362004280090332, NFound: 10, Coef: 10
