Round: 1, Attack Type: Statistical Attack, Error: 0, Time: 0.07475614547729492, NFound: 10, Coef: 10
Round: 2, Attack Type: Statistical Attack, Error: 0, Time: 0.08701801300048828, NFound: 10, Coef: 10
