Round: 1, Attack Type: Statistical Attack, Error: 0, Time: 0.07316088676452637, NFound: 10, Coef: 10
Round: 2, Attack Type: Statistical Attack, Error: 0, Time: 0.0910491943359375, NFound: 8, Coef: 8
