Round: 1, Attack Type: Statistical Attack, Error: 0, Time: 0.08188700675964355, NFound: 5, Coef: 8
Round: 2, Attack Type: Statistical Attack, Error: 0, Time: 0.09670090675354004, NFound: 9, Coef: 8
