Round: 1, Attack Type: Statistical Attack, Error: 0, Time: 0.08598184585571289, NFound: 10, Coef: 10
Round: 2, Attack Type: Statistical Attack, Error: 0, Time: 0.08225297927856445, NFound: 10, Coef: 10
