Round: 1, Attack Type: Statistical Attack, Error: 0, Time: 0.06639885902404785, NFound: 9, Coef: 8
Round: 2, Attack Type: Statistical Attack, Error: 0, Time: 0.06842279434204102, NFound: 10, Coef: 10
