Round: 1, Attack Type: Statistical Attack, Error: 0, Time: 0.09290075302124023, NFound: 5, Coef: 8
Round: 2, Attack Type: Statistical Attack, Error: 0, Time: 0.09740686416625977, NFound: 10, Coef: 10
