Round: 1, Attack Type: Statistical Attack, Error: 0, Time: 0.10600805282592773, NFound: 10, Coef: 10
Round: 2, Attack Type: Statistical Attack, Error: 0, Time: 0.1077272891998291, NFound: 10, Coef: 10
