Round: 1, Attack Type: Statistical Attack, Error: 0, Time: 0.08149385452270508, NFound: 5, Coef: 8
Round: 2, Attack Type: Statistical Attack, Error: 0, Time: 0.07748293876647949, NFound: 10, Coef: 10
