Round: 1, Attack Type: Statistical Attack, Error: 0, Time: 0.07550406455993652, NFound: 5, Coef: 8
Round: 2, Attack Type: Statistical Attack, Error: 0, Time: 0.0860280990600586, NFound: 10, Coef: 10
