Round: 1, Attack Type: Statistical Attack, Error: 0, Time: 0.07697582244873047, NFound: 5, Coef: 8
Round: 2, Attack Type: Statistical Attack, Error: 0, Time: 0.0827641487121582, NFound: 10, Coef: 10
