Round: 1, Attack Type: Statistical Attack, Error: 0, Time: 0.07100701332092285, NFound: 5, Coef: 8
Round: 2, Attack Type: Statistical Attack, Error: 0, Time: 0.07842588424682617, NFound: 10, Coef: 10
