Round: 1, Attack Type: Statistical Attack, Error: 0, Time: 0.08526062965393066, NFound: 5, Coef: 8
Round: 2, Attack Type: Statistical Attack, Error: 0, Time: 0.10419297218322754, NFound: 10, Coef: 10
