Round: 1, Attack Type: Statistical Attack, Error: 0, Time: 0.07596492767333984, NFound: 10, Coef: 10
Round: 2, Attack Type: Statistical Attack, Error: 0, Time: 0.07811665534973145, NFound: 10, Coef: 10
