Round: 1, Attack Type: Statistical Attack, Error: 0, Time: 0.09728407859802246, NFound: 5, Coef: 8
Round: 2, Attack Type: Statistical Attack, Error: 0, Time: 0.10499906539916992, NFound: 10, Coef: 10
