Round: 1, Attack Type: Statistical Attack, Error: 0, Time: 0.09047102928161621, NFound: 10, Coef: 10
Round: 2, Attack Type: Statistical Attack, Error: 0, Time: 0.12427711486816406, NFound: 10, Coef: 10
