Round: 1, Attack Type: Statistical Attack, Error: 0, Time: 0.07846713066101074, NFound: 5, Coef: 8
Round: 2, Attack Type: Statistical Attack, Error: 0, Time: 0.0892341136932373, NFound: 10, Coef: 10
