Round: 1, Attack Type: Statistical Attack, Error: 0, Time: 0.0727078914642334, NFound: 10, Coef: 10
Round: 2, Attack Type: Statistical Attack, Error: 0, Time: 0.08002400398254395, NFound: 10, Coef: 10
