Round: 1, Attack Type: Statistical Attack, Error: 0, Time: 0.0752859115600586, NFound: 10, Coef: 10
Round: 2, Attack Type: Statistical Attack, Error: 0, Time: 0.08100724220275879, NFound: 10, Coef: 10
