Round: 1, Attack Type: Statistical Attack, Error: 0, Time: 0.0859382152557373, NFound: 5, Coef: 8
Round: 2, Attack Type: Statistical Attack, Error: 0, Time: 0.0873100757598877, NFound: 10, Coef: 10
