Round: 1, Attack Type: Statistical Attack, Error: 0, Time: 0.07746005058288574, NFound: 5, Coef: 8
Round: 2, Attack Type: Statistical Attack, Error: 0, Time: 0.08451294898986816, NFound: 9, Coef: 8
