Round: 1, Attack Type: Statistical Attack, Error: 0, Time: 0.07714986801147461, NFound: 10, Coef: 10
Round: 2, Attack Type: Statistical Attack, Error: 0, Time: 0.07681107521057129, NFound: 10, Coef: 10
