Round: 1, Attack Type: Statistical Attack, Error: 0, Time: 0.07172799110412598, NFound: 5, Coef: 8
Round: 2, Attack Type: Statistical Attack, Error: 0, Time: 0.08288002014160156, NFound: 10, Coef: 10
