Round: 1, Attack Type: Statistical Attack, Error: 0, Time: 0.10741090774536133, NFound: 5, Coef: 8
Round: 2, Attack Type: Statistical Attack, Error: 0, Time: 0.10994410514831543, NFound: 10, Coef: 10
