Round: 1, Attack Type: Statistical Attack, Error: 0, Time: 0.11210894584655762, NFound: 5, Coef: 8
Round: 2, Attack Type: Statistical Attack, Error: 0, Time: 0.11654496192932129, NFound: 9, Coef: 8
