Round: 1, Attack Type: Statistical Attack, Error: 0, Time: 0.07625794410705566, NFound: 10, Coef: 10
Round: 2, Attack Type: Statistical Attack, Error: 0, Time: 0.10113692283630371, NFound: 10, Coef: 10
