Round: 1, Attack Type: Statistical Attack, Error: 0, Time: 0.09747982025146484, NFound: 5, Coef: 8
Round: 2, Attack Type: Statistical Attack, Error: 0, Time: 0.09629702568054199, NFound: 10, Coef: 10
