Round: 1, Attack Type: Statistical Attack, Error: 0, Time: 0.07718300819396973, NFound: 5, Coef: 8
Round: 2, Attack Type: Statistical Attack, Error: 0, Time: 0.08751106262207031, NFound: 10, Coef: 10
