Round: 1, Attack Type: Statistical Attack, Error: 0, Time: 0.09444284439086914, NFound: 10, Coef: 10
Round: 2, Attack Type: Statistical Attack, Error: 0, Time: 0.09124994277954102, NFound: 10, Coef: 10
