Round: 1, Attack Type: Statistical Attack, Error: 0, Time: 0.0726308822631836, NFound: 10, Coef: 10
Round: 2, Attack Type: Statistical Attack, Error: 0, Time: 0.08487224578857422, NFound: 10, Coef: 10
