Round: 1, Attack Type: Statistical Attack, Error: 0, Time: 0.09032821655273438, NFound: 5, Coef: 8
Round: 2, Attack Type: Statistical Attack, Error: 0, Time: 0.10610508918762207, NFound: 10, Coef: 10
