Round: 1, Attack Type: Statistical Attack, Error: 0, Time: 0.0905449390411377, NFound: 5, Coef: 8
Round: 2, Attack Type: Statistical Attack, Error: 0, Time: 0.09136700630187988, NFound: 10, Coef: 10
