Round: 1, Attack Type: Statistical Attack, Error: 0, Time: 0.10186338424682617, NFound: 10, Coef: 10
Round: 2, Attack Type: Statistical Attack, Error: 0, Time: 0.10502195358276367, NFound: 10, Coef: 10
