Round: 1, Attack Type: Statistical Attack, Error: 0, Time: 0.06736898422241211, NFound: 10, Coef: 10
Round: 2, Attack Type: Statistical Attack, Error: 0, Time: 0.07997417449951172, NFound: 10, Coef: 10
