Round: 1, Attack Type: Statistical Attack, Error: 0, Time: 0.08592009544372559, NFound: 10, Coef: 10
Round: 2, Attack Type: Statistical Attack, Error: 0, Time: 0.0849769115447998, NFound: 10, Coef: 10
