Round: 1, Attack Type: Statistical Attack, Error: 0, Time: 0.09668397903442383, NFound: 10, Coef: 10
Round: 2, Attack Type: Statistical Attack, Error: 0, Time: 0.11375212669372559, NFound: 9, Coef: 8
