Round: 1, Attack Type: Statistical Attack, Error: 0, Time: 0.08625006675720215, NFound: 10, Coef: 10
Round: 2, Attack Type: Statistical Attack, Error: 0, Time: 0.10724902153015137, NFound: 10, Coef: 10
