Round: 1, Attack Type: Statistical Attack, Error: 0, Time: 0.08469796180725098, NFound: 10, Coef: 10
Round: 2, Attack Type: Statistical Attack, Error: 0, Time: 0.08233809471130371, NFound: 10, Coef: 10
