Round: 1, Attack Type: Statistical Attack, Error: 0, Time: 0.06531906127929688, NFound: 10, Coef: 10
Round: 2, Attack Type: Statistical Attack, Error: 0, Time: 0.08014798164367676, NFound: 10, Coef: 10
