Round: 1, Attack Type: Statistical Attack, Error: 0, Time: 0.08002305030822754, NFound: 10, Coef: 10
Round: 2, Attack Type: Statistical Attack, Error: 0, Time: 0.09766387939453125, NFound: 10, Coef: 10
