Round: 1, Attack Type: Statistical Attack, Error: 0, Time: 0.06954717636108398, NFound: 10, Coef: 10
Round: 2, Attack Type: Statistical Attack, Error: 0, Time: 0.0838930606842041, NFound: 10, Coef: 10
