Round: 1, Attack Type: Statistical Attack, Error: 0, Time: 0.07814288139343262, NFound: 5, Coef: 8
Round: 2, Attack Type: Statistical Attack, Error: 0, Time: 0.08346295356750488, NFound: 10, Coef: 10
