Round: 1, Attack Type: Statistical Attack, Error: 0, Time: 0.08284306526184082, NFound: 5, Coef: 8
Round: 2, Attack Type: Statistical Attack, Error: 0, Time: 0.09011316299438477, NFound: 10, Coef: 10
