Round: 1, Attack Type: Statistical Attack, Error: 0, Time: 0.06079816818237305, NFound: 10, Coef: 10
Round: 2, Attack Type: Statistical Attack, Error: 0, Time: 0.07191777229309082, NFound: 10, Coef: 10
