Round: 1, Attack Type: Statistical Attack, Error: 0, Time: 0.061276912689208984, NFound: 5, Coef: 8
Round: 2, Attack Type: Statistical Attack, Error: 0, Time: 0.06706690788269043, NFound: 10, Coef: 10
