Round: 1, Attack Type: Statistical Attack, Error: 0, Time: 0.07304883003234863, NFound: 10, Coef: 10
Round: 2, Attack Type: Statistical Attack, Error: 0, Time: 0.08167815208435059, NFound: 10, Coef: 10
