Round: 1, Attack Type: Statistical Attack, Error: 0, Time: 0.0786750316619873, NFound: 10, Coef: 10
Round: 2, Attack Type: Statistical Attack, Error: 0, Time: 0.08734583854675293, NFound: 10, Coef: 10
