Round: 1, Attack Type: Statistical Attack, Error: 0, Time: 0.08002781867980957, NFound: 10, Coef: 10
Round: 2, Attack Type: Statistical Attack, Error: 0, Time: 0.08526802062988281, NFound: 10, Coef: 10
