Round: 1, Attack Type: Statistical Attack, Error: 0, Time: 0.07911801338195801, NFound: 10, Coef: 10
Round: 2, Attack Type: Statistical Attack, Error: 0, Time: 0.0899970531463623, NFound: 10, Coef: 10
