Round: 1, Attack Type: Statistical Attack, Error: 0, Time: 0.06949901580810547, NFound: 5, Coef: 8
Round: 2, Attack Type: Statistical Attack, Error: 0, Time: 0.07908296585083008, NFound: 10, Coef: 10
