Round: 1, Attack Type: Statistical Attack, Error: 0, Time: 0.07279515266418457, NFound: 10, Coef: 10
Round: 2, Attack Type: Statistical Attack, Error: 0, Time: 0.0827629566192627, NFound: 8, Coef: 8
