Round: 1, Attack Type: Statistical Attack, Error: 0, Time: 0.09789180755615234, NFound: 10, Coef: 10
Round: 2, Attack Type: Statistical Attack, Error: 0, Time: 0.10837888717651367, NFound: 10, Coef: 10
