Round: 1, Attack Type: Statistical Attack, Error: 0, Time: 0.07245111465454102, NFound: 5, Coef: 8
Round: 2, Attack Type: Statistical Attack, Error: 0, Time: 0.08407306671142578, NFound: 10, Coef: 10
