Round: 1, Attack Type: Statistical Attack, Error: 0, Time: 0.07221221923828125, NFound: 5, Coef: 8
Round: 2, Attack Type: Statistical Attack, Error: 0, Time: 0.07410883903503418, NFound: 10, Coef: 10
