Round: 1, Attack Type: Statistical Attack, Error: 0, Time: 0.10119485855102539, NFound: 10, Coef: 10
Round: 2, Attack Type: Statistical Attack, Error: 0, Time: 0.10330009460449219, NFound: 10, Coef: 10
