Round: 1, Attack Type: Statistical Attack, Error: 0, Time: 0.0755608081817627, NFound: 5, Coef: 8
Round: 2, Attack Type: Statistical Attack, Error: 0, Time: 0.08059430122375488, NFound: 10, Coef: 10
