Round: 1, Attack Type: Statistical Attack, Error: 0, Time: 0.08850216865539551, NFound: 5, Coef: 8
Round: 2, Attack Type: Statistical Attack, Error: 0, Time: 0.10480904579162598, NFound: 10, Coef: 10
