Round: 1, Attack Type: Statistical Attack, Error: 0, Time: 0.0727701187133789, NFound: 5, Coef: 8
Round: 2, Attack Type: Statistical Attack, Error: 0, Time: 0.07458877563476562, NFound: 10, Coef: 10
