Round: 1, Attack Type: Statistical Attack, Error: 0, Time: 0.07860708236694336, NFound: 5, Coef: 8
Round: 2, Attack Type: Statistical Attack, Error: 0, Time: 0.08559894561767578, NFound: 10, Coef: 10
