Round: 1, Attack Type: Statistical Attack, Error: 0, Time: 0.08751606941223145, NFound: 5, Coef: 8
Round: 2, Attack Type: Statistical Attack, Error: 0, Time: 0.10187792778015137, NFound: 10, Coef: 10
