Round: 1, Attack Type: Statistical Attack, Error: 0, Time: 0.07940196990966797, NFound: 5, Coef: 8
Round: 2, Attack Type: Statistical Attack, Error: 0, Time: 0.08082103729248047, NFound: 10, Coef: 10
