Round: 1, Attack Type: Statistical Attack, Error: 0, Time: 0.07772326469421387, NFound: 5, Coef: 8
Round: 2, Attack Type: Statistical Attack, Error: 0, Time: 0.08292579650878906, NFound: 10, Coef: 10
