Round: 1, Attack Type: Statistical Attack, Error: 0, Time: 0.07601118087768555, NFound: 5, Coef: 8
Round: 2, Attack Type: Statistical Attack, Error: 0, Time: 0.07527494430541992, NFound: 10, Coef: 10
