Round: 1, Attack Type: Statistical Attack, Error: 0, Time: 0.0785069465637207, NFound: 10, Coef: 10
Round: 2, Attack Type: Statistical Attack, Error: 0, Time: 0.08021402359008789, NFound: 10, Coef: 10
