Round: 1, Attack Type: Statistical Attack, Error: 0, Time: 0.06269693374633789, NFound: 5, Coef: 8
Round: 2, Attack Type: Statistical Attack, Error: 0, Time: 0.06575322151184082, NFound: 10, Coef: 10
