Round: 1, Attack Type: Statistical Attack, Error: 0, Time: 0.06552481651306152, NFound: 5, Coef: 8
Round: 2, Attack Type: Statistical Attack, Error: 0, Time: 0.07213187217712402, NFound: 10, Coef: 10
