Round: 1, Attack Type: Statistical Attack, Error: 0, Time: 0.07614827156066895, NFound: 5, Coef: 8
Round: 2, Attack Type: Statistical Attack, Error: 0, Time: 0.0809788703918457, NFound: 10, Coef: 10
