Round: 1, Attack Type: Statistical Attack, Error: 0, Time: 0.07811617851257324, NFound: 5, Coef: 8
Round: 2, Attack Type: Statistical Attack, Error: 0, Time: 0.08221006393432617, NFound: 10, Coef: 10
