Round: 1, Attack Type: Statistical Attack, Error: 0, Time: 0.0867152214050293, NFound: 5, Coef: 8
Round: 2, Attack Type: Statistical Attack, Error: 0, Time: 0.09082508087158203, NFound: 10, Coef: 10
