Round: 1, Attack Type: Statistical Attack, Error: 0, Time: 0.07717299461364746, NFound: 5, Coef: 8
Round: 2, Attack Type: Statistical Attack, Error: 0, Time: 0.07791805267333984, NFound: 10, Coef: 10
