Round: 1, Attack Type: Statistical Attack, Error: 0, Time: 0.07790684700012207, NFound: 9, Coef: 8
Round: 2, Attack Type: Statistical Attack, Error: 0, Time: 0.07842278480529785, NFound: 10, Coef: 10
