Round: 1, Attack Type: Statistical Attack, Error: 0, Time: 0.0865180492401123, NFound: 10, Coef: 10
Round: 2, Attack Type: Statistical Attack, Error: 0, Time: 0.08589982986450195, NFound: 10, Coef: 10
