Round: 1, Attack Type: Statistical Attack, Error: 0, Time: 0.07605886459350586, NFound: 5, Coef: 8
Round: 2, Attack Type: Statistical Attack, Error: 0, Time: 0.08147573471069336, NFound: 10, Coef: 10
