Round: 1, Attack Type: Statistical Attack, Error: 0, Time: 0.10306811332702637, NFound: 5, Coef: 8
Round: 2, Attack Type: Statistical Attack, Error: 0, Time: 0.10366201400756836, NFound: 10, Coef: 10
