Round: 1, Attack Type: Statistical Attack, Error: 0, Time: 0.06651592254638672, NFound: 5, Coef: 8
Round: 2, Attack Type: Statistical Attack, Error: 0, Time: 0.07501578330993652, NFound: 10, Coef: 10
