Round: 1, Attack Type: Statistical Attack, Error: 0, Time: 0.07712101936340332, NFound: 10, Coef: 10
Round: 2, Attack Type: Statistical Attack, Error: 0, Time: 0.07706093788146973, NFound: 10, Coef: 10
