Round: 1, Attack Type: Statistical Attack, Error: 0, Time: 0.07467508316040039, NFound: 9, Coef: 8
Round: 2, Attack Type: Statistical Attack, Error: 0, Time: 0.09171628952026367, NFound: 10, Coef: 10
