Round: 1, Attack Type: Statistical Attack, Error: 0, Time: 0.08625221252441406, NFound: 10, Coef: 10
Round: 2, Attack Type: Statistical Attack, Error: 0, Time: 0.08711695671081543, NFound: 10, Coef: 10
