Round: 1, Attack Type: Statistical Attack, Error: 0, Time: 0.10380721092224121, NFound: 10, Coef: 10
Round: 2, Attack Type: Statistical Attack, Error: 0, Time: 0.10587382316589355, NFound: 10, Coef: 10
