Round: 1, Attack Type: Statistical Attack, Error: 0, Time: 0.07042789459228516, NFound: 10, Coef: 10
Round: 2, Attack Type: Statistical Attack, Error: 0, Time: 0.0839548110961914, NFound: 10, Coef: 10
