Round: 1, Attack Type: Statistical Attack, Error: 0, Time: 0.08441877365112305, NFound: 10, Coef: 10
Round: 2, Attack Type: Statistical Attack, Error: 0, Time: 0.08238887786865234, NFound: 10, Coef: 10
