Round: 1, Attack Type: Statistical Attack, Error: 0, Time: 0.11946606636047363, NFound: 5, Coef: 8
Round: 2, Attack Type: Statistical Attack, Error: 0, Time: 0.10305309295654297, NFound: 10, Coef: 10
