Round: 1, Attack Type: Statistical Attack, Error: 0, Time: 0.06912922859191895, NFound: 5, Coef: 8
Round: 2, Attack Type: Statistical Attack, Error: 0, Time: 0.07971882820129395, NFound: 10, Coef: 10
