Round: 1, Attack Type: Statistical Attack, Error: 0, Time: 0.09401774406433105, NFound: 5, Coef: 8
Round: 2, Attack Type: Statistical Attack, Error: 0, Time: 0.10172200202941895, NFound: 10, Coef: 10
