Round: 1, Attack Type: Statistical Attack, Error: 0, Time: 0.07589507102966309, NFound: 5, Coef: 8
Round: 2, Attack Type: Statistical Attack, Error: 0, Time: 0.08266210556030273, NFound: 10, Coef: 10
