Round: 1, Attack Type: Statistical Attack, Error: 0, Time: 0.07862496376037598, NFound: 10, Coef: 10
Round: 2, Attack Type: Statistical Attack, Error: 0, Time: 0.08399820327758789, NFound: 10, Coef: 10
