Round: 1, Attack Type: Statistical Attack, Error: 0, Time: 0.08298707008361816, NFound: 5, Coef: 8
Round: 2, Attack Type: Statistical Attack, Error: 0, Time: 0.09920477867126465, NFound: 10, Coef: 10
