Round: 1, Attack Type: Statistical Attack, Error: 0, Time: 0.07080507278442383, NFound: 5, Coef: 8
Round: 2, Attack Type: Statistical Attack, Error: 0, Time: 0.08138084411621094, NFound: 10, Coef: 10
