Round: 1, Attack Type: Statistical Attack, Error: 0, Time: 0.08174586296081543, NFound: 10, Coef: 10
Round: 2, Attack Type: Statistical Attack, Error: 0, Time: 0.08278799057006836, NFound: 10, Coef: 10
