Round: 1, Attack Type: Statistical Attack, Error: 0, Time: 0.1112678050994873, NFound: 10, Coef: 10
Round: 2, Attack Type: Statistical Attack, Error: 0, Time: 0.10351705551147461, NFound: 10, Coef: 10
