Round: 1, Attack Type: Statistical Attack, Error: 0, Time: 0.07349467277526855, NFound: 10, Coef: 10
Round: 2, Attack Type: Statistical Attack, Error: 0, Time: 0.0883951187133789, NFound: 10, Coef: 10
