Round: 1, Attack Type: Statistical Attack, Error: 0, Time: 0.07800602912902832, NFound: 10, Coef: 10
Round: 2, Attack Type: Statistical Attack, Error: 0, Time: 0.07697486877441406, NFound: 10, Coef: 10
