Round: 1, Attack Type: Statistical Attack, Error: 0, Time: 0.07194185256958008, NFound: 5, Coef: 8
Round: 2, Attack Type: Statistical Attack, Error: 0, Time: 0.08179903030395508, NFound: 10, Coef: 10
