Round: 1, Attack Type: Statistical Attack, Error: 0, Time: 0.07494592666625977, NFound: 10, Coef: 10
Round: 2, Attack Type: Statistical Attack, Error: 0, Time: 0.07402801513671875, NFound: 10, Coef: 10
