Round: 1, Attack Type: Statistical Attack, Error: 0, Time: 0.08611297607421875, NFound: 5, Coef: 8
Round: 2, Attack Type: Statistical Attack, Error: 0, Time: 0.0801389217376709, NFound: 10, Coef: 10
