Round: 1, Attack Type: Statistical Attack, Error: 0, Time: 0.08927512168884277, NFound: 10, Coef: 10
Round: 2, Attack Type: Statistical Attack, Error: 0, Time: 0.09429669380187988, NFound: 10, Coef: 10
