Round: 1, Attack Type: Statistical Attack, Error: 0, Time: 0.07835507392883301, NFound: 10, Coef: 10
Round: 2, Attack Type: Statistical Attack, Error: 0, Time: 0.07880926132202148, NFound: 10, Coef: 10
