Round: 1, Attack Type: Statistical Attack, Error: 0, Time: 0.07498812675476074, NFound: 5, Coef: 8
Round: 2, Attack Type: Statistical Attack, Error: 0, Time: 0.07672882080078125, NFound: 10, Coef: 10
