Round: 1, Attack Type: Statistical Attack, Error: 0, Time: 0.09808492660522461, NFound: 10, Coef: 10
Round: 2, Attack Type: Statistical Attack, Error: 0, Time: 0.1109771728515625, NFound: 10, Coef: 10
