Round: 1, Attack Type: Statistical Attack, Error: 0, Time: 0.07610225677490234, NFound: 5, Coef: 8
Round: 2, Attack Type: Statistical Attack, Error: 0, Time: 0.07752108573913574, NFound: 10, Coef: 10
