Round: 1, Attack Type: Statistical Attack, Error: 0, Time: 0.07201695442199707, NFound: 10, Coef: 10
Round: 2, Attack Type: Statistical Attack, Error: 0, Time: 0.1053767204284668, NFound: 10, Coef: 10
