Round: 1, Attack Type: Statistical Attack, Error: 0, Time: 0.07453513145446777, NFound: 10, Coef: 10
Round: 2, Attack Type: Statistical Attack, Error: 0, Time: 0.08640694618225098, NFound: 10, Coef: 10
