Round: 1, Attack Type: Statistical Attack, Error: 0, Time: 0.09258890151977539, NFound: 10, Coef: 10
Round: 2, Attack Type: Statistical Attack, Error: 0, Time: 0.09280729293823242, NFound: 10, Coef: 10
