Round: 1, Attack Type: Statistical Attack, Error: 0, Time: 0.07825899124145508, NFound: 10, Coef: 10
Round: 2, Attack Type: Statistical Attack, Error: 0, Time: 0.0811161994934082, NFound: 10, Coef: 10
