Round: 1, Attack Type: Statistical Attack, Error: 0, Time: 0.07536005973815918, NFound: 5, Coef: 8
Round: 2, Attack Type: Statistical Attack, Error: 0, Time: 0.0747528076171875, NFound: 10, Coef: 10
