Round: 1, Attack Type: Statistical Attack, Error: 0, Time: 0.15067481994628906, NFound: 10, Coef: 10
Round: 2, Attack Type: Statistical Attack, Error: 0, Time: 0.16383576393127441, NFound: 10, Coef: 10
