Round: 1, Attack Type: Statistical Attack, Error: 0, Time: 0.0749349594116211, NFound: 5, Coef: 8
Round: 2, Attack Type: Statistical Attack, Error: 0, Time: 0.07947230339050293, NFound: 10, Coef: 10
