Round: 1, Attack Type: Statistical Attack, Error: 0, Time: 0.0942838191986084, NFound: 5, Coef: 8
Round: 2, Attack Type: Statistical Attack, Error: 0, Time: 0.15297794342041016, NFound: 10, Coef: 10
