Round: 1, Attack Type: Statistical Attack, Error: 0, Time: 0.09564614295959473, NFound: 5, Coef: 8
Round: 2, Attack Type: Statistical Attack, Error: 0, Time: 0.1026458740234375, NFound: 10, Coef: 10
