Round: 1, Attack Type: Statistical Attack, Error: 0, Time: 0.08667492866516113, NFound: 10, Coef: 10
Round: 2, Attack Type: Statistical Attack, Error: 0, Time: 0.10725188255310059, NFound: 10, Coef: 10
