Round: 1, Attack Type: Statistical Attack, Error: 0, Time: 0.06077098846435547, NFound: 5, Coef: 8
Round: 2, Attack Type: Statistical Attack, Error: 0, Time: 0.06612610816955566, NFound: 10, Coef: 10
