Round: 1, Attack Type: Statistical Attack, Error: 0, Time: 0.08975386619567871, NFound: 5, Coef: 8
Round: 2, Attack Type: Statistical Attack, Error: 0, Time: 0.09660005569458008, NFound: 10, Coef: 10
