Round: 1, Attack Type: Statistical Attack, Error: 0, Time: 0.07643890380859375, NFound: 10, Coef: 10
Round: 2, Attack Type: Statistical Attack, Error: 0, Time: 0.08733892440795898, NFound: 10, Coef: 10
