Round: 1, Attack Type: Statistical Attack, Error: 0, Time: 0.11862492561340332, NFound: 10, Coef: 10
Round: 2, Attack Type: Statistical Attack, Error: 0, Time: 0.13572287559509277, NFound: 10, Coef: 10
