Round: 1, Attack Type: Statistical Attack, Error: 0, Time: 0.07972311973571777, NFound: 10, Coef: 10
Round: 2, Attack Type: Statistical Attack, Error: 0, Time: 0.08819007873535156, NFound: 10, Coef: 10
