Round: 1, Attack Type: Statistical Attack, Error: 0, Time: 0.07071518898010254, NFound: 10, Coef: 10
Round: 2, Attack Type: Statistical Attack, Error: 0, Time: 0.09024405479431152, NFound: 10, Coef: 10
