Round: 1, Attack Type: Statistical Attack, Error: 0, Time: 0.09271073341369629, NFound: 5, Coef: 8
Round: 2, Attack Type: Statistical Attack, Error: 0, Time: 0.1547088623046875, NFound: 10, Coef: 10
