Round: 1, Attack Type: Statistical Attack, Error: 0, Time: 0.09337401390075684, NFound: 10, Coef: 10
Round: 2, Attack Type: Statistical Attack, Error: 0, Time: 0.09697699546813965, NFound: 10, Coef: 10
