Round: 1, Attack Type: Statistical Attack, Error: 0, Time: 0.08309412002563477, NFound: 5, Coef: 8
Round: 2, Attack Type: Statistical Attack, Error: 0, Time: 0.10196924209594727, NFound: 9, Coef: 8
