Round: 1, Attack Type: Statistical Attack, Error: 0, Time: 0.07282304763793945, NFound: 10, Coef: 10
Round: 2, Attack Type: Statistical Attack, Error: 0, Time: 0.08284211158752441, NFound: 10, Coef: 10
