Round: 1, Attack Type: Statistical Attack, Error: 0, Time: 0.08978724479675293, NFound: 10, Coef: 10
Round: 2, Attack Type: Statistical Attack, Error: 0, Time: 0.1090848445892334, NFound: 10, Coef: 10
