Round: 1, Attack Type: Statistical Attack, Error: 0, Time: 0.08187699317932129, NFound: 10, Coef: 10
Round: 2, Attack Type: Statistical Attack, Error: 0, Time: 0.10091400146484375, NFound: 10, Coef: 10
