Round: 1, Attack Type: Statistical Attack, Error: 0, Time: 0.0904991626739502, NFound: 10, Coef: 10
Round: 2, Attack Type: Statistical Attack, Error: 0, Time: 0.10309195518493652, NFound: 10, Coef: 10
