Round: 1, Attack Type: Statistical Attack, Error: 0, Time: 0.10763120651245117, NFound: 10, Coef: 10
Round: 2, Attack Type: Statistical Attack, Error: 0, Time: 0.140549898147583, NFound: 10, Coef: 10
