Round: 1, Attack Type: Statistical Attack, Error: 0, Time: 0.07354331016540527, NFound: 10, Coef: 10
Round: 2, Attack Type: Statistical Attack, Error: 0, Time: 0.08132672309875488, NFound: 10, Coef: 10
