Round: 1, Attack Type: Statistical Attack, Error: 0, Time: 0.07643890380859375, NFound: 5, Coef: 8
Round: 2, Attack Type: Statistical Attack, Error: 0, Time: 0.08998394012451172, NFound: 10, Coef: 10
