Round: 1, Attack Type: Statistical Attack, Error: 0, Time: 0.07520294189453125, NFound: 10, Coef: 10
Round: 2, Attack Type: Statistical Attack, Error: 0, Time: 0.0782930850982666, NFound: 10, Coef: 10
