Round: 1, Attack Type: Statistical Attack, Error: 0, Time: 0.08523821830749512, NFound: 5, Coef: 8
Round: 2, Attack Type: Statistical Attack, Error: 0, Time: 0.09265613555908203, NFound: 10, Coef: 10
