Round: 1, Attack Type: Statistical Attack, Error: 0, Time: 0.13581109046936035, NFound: 5, Coef: 8
Round: 2, Attack Type: Statistical Attack, Error: 0, Time: 0.12314581871032715, NFound: 10, Coef: 10
