Round: 1, Attack Type: Statistical Attack, Error: 0, Time: 0.07295894622802734, NFound: 5, Coef: 8
Round: 2, Attack Type: Statistical Attack, Error: 0, Time: 0.09880709648132324, NFound: 10, Coef: 10
