Round: 1, Attack Type: Statistical Attack, Error: 0, Time: 0.07863330841064453, NFound: 5, Coef: 8
Round: 2, Attack Type: Statistical Attack, Error: 0, Time: 0.08974909782409668, NFound: 9, Coef: 8
