Round: 1, Attack Type: Statistical Attack, Error: 0, Time: 0.11086106300354004, NFound: 10, Coef: 10
Round: 2, Attack Type: Statistical Attack, Error: 0, Time: 0.11846709251403809, NFound: 10, Coef: 10
