Round: 1, Attack Type: Statistical Attack, Error: 0, Time: 0.10002994537353516, NFound: 10, Coef: 10
Round: 2, Attack Type: Statistical Attack, Error: 0, Time: 0.10544300079345703, NFound: 10, Coef: 10
