Round: 1, Attack Type: Statistical Attack, Error: 0, Time: 0.0683600902557373, NFound: 10, Coef: 10
Round: 2, Attack Type: Statistical Attack, Error: 0, Time: 0.07066798210144043, NFound: 10, Coef: 10
