Round: 1, Attack Type: Statistical Attack, Error: 0, Time: 0.0751638412475586, NFound: 10, Coef: 10
Round: 2, Attack Type: Statistical Attack, Error: 0, Time: 0.08103203773498535, NFound: 10, Coef: 10
