Round: 1, Attack Type: Statistical Attack, Error: 0, Time: 0.09760093688964844, NFound: 5, Coef: 8
Round: 2, Attack Type: Statistical Attack, Error: 0, Time: 0.10134291648864746, NFound: 10, Coef: 10
