Round: 1, Attack Type: Statistical Attack, Error: 0, Time: 0.08542895317077637, NFound: 5, Coef: 8
Round: 2, Attack Type: Statistical Attack, Error: 0, Time: 0.0823659896850586, NFound: 10, Coef: 10
