Round: 1, Attack Type: Statistical Attack, Error: 0, Time: 0.06494283676147461, NFound: 10, Coef: 10
Round: 2, Attack Type: Statistical Attack, Error: 0, Time: 0.06356930732727051, NFound: 10, Coef: 10
