Round: 1, Attack Type: Statistical Attack, Error: 0, Time: 0.07797408103942871, NFound: 5, Coef: 8
Round: 2, Attack Type: Statistical Attack, Error: 0, Time: 0.0862417221069336, NFound: 10, Coef: 10
