Round: 1, Attack Type: Statistical Attack, Error: 0, Time: 0.07324695587158203, NFound: 5, Coef: 8
Round: 2, Attack Type: Statistical Attack, Error: 0, Time: 0.10504913330078125, NFound: 9, Coef: 8
