Round: 1, Attack Type: Statistical Attack, Error: 0, Time: 0.08821916580200195, NFound: 10, Coef: 10
Round: 2, Attack Type: Statistical Attack, Error: 0, Time: 0.09893298149108887, NFound: 10, Coef: 10
