Round: 1, Attack Type: Statistical Attack, Error: 0, Time: 0.07696914672851562, NFound: 10, Coef: 10
Round: 2, Attack Type: Statistical Attack, Error: 0, Time: 0.08221602439880371, NFound: 10, Coef: 10
