Round: 1, Attack Type: Statistical Attack, Error: 0, Time: 0.09391403198242188, NFound: 5, Coef: 8
Round: 2, Attack Type: Statistical Attack, Error: 0, Time: 0.0847170352935791, NFound: 10, Coef: 10
