Round: 1, Attack Type: Statistical Attack, Error: 0, Time: 0.07532811164855957, NFound: 5, Coef: 8
Round: 2, Attack Type: Statistical Attack, Error: 0, Time: 0.09051394462585449, NFound: 10, Coef: 10
