Round: 1, Attack Type: Statistical Attack, Error: 0, Time: 0.07769489288330078, NFound: 5, Coef: 8
Round: 2, Attack Type: Statistical Attack, Error: 0, Time: 0.08062291145324707, NFound: 10, Coef: 10
