Round: 1, Attack Type: Statistical Attack, Error: 0, Time: 0.07418179512023926, NFound: 5, Coef: 8
Round: 2, Attack Type: Statistical Attack, Error: 0, Time: 0.08228111267089844, NFound: 10, Coef: 10
