Round: 1, Attack Type: Statistical Attack, Error: 0, Time: 0.0739438533782959, NFound: 5, Coef: 8
Round: 2, Attack Type: Statistical Attack, Error: 0, Time: 0.08229613304138184, NFound: 10, Coef: 10
