Round: 1, Attack Type: Statistical Attack, Error: 0, Time: 0.07967996597290039, NFound: 5, Coef: 8
Round: 2, Attack Type: Statistical Attack, Error: 0, Time: 0.08569884300231934, NFound: 10, Coef: 10
