Round: 1, Attack Type: Statistical Attack, Error: 0, Time: 0.08428740501403809, NFound: 10, Coef: 10
Round: 2, Attack Type: Statistical Attack, Error: 0, Time: 0.096466064453125, NFound: 10, Coef: 10
