Round: 1, Attack Type: Statistical Attack, Error: 0, Time: 0.08039689064025879, NFound: 5, Coef: 8
Round: 2, Attack Type: Statistical Attack, Error: 0, Time: 0.09424710273742676, NFound: 10, Coef: 10
