Round: 1, Attack Type: Statistical Attack, Error: 0, Time: 0.07678914070129395, NFound: 10, Coef: 10
Round: 2, Attack Type: Statistical Attack, Error: 0, Time: 0.08103799819946289, NFound: 10, Coef: 10
