Round: 1, Attack Type: Statistical Attack, Error: 0, Time: 0.10076403617858887, NFound: 10, Coef: 10
Round: 2, Attack Type: Statistical Attack, Error: 0, Time: 0.11973214149475098, NFound: 10, Coef: 10
