Round: 1, Attack Type: Statistical Attack, Error: 0, Time: 0.07716512680053711, NFound: 5, Coef: 8
Round: 2, Attack Type: Statistical Attack, Error: 0, Time: 0.07579803466796875, NFound: 10, Coef: 10
