Round: 1, Attack Type: Statistical Attack, Error: 0, Time: 0.07865023612976074, NFound: 5, Coef: 8
Round: 2, Attack Type: Statistical Attack, Error: 0, Time: 0.07868003845214844, NFound: 10, Coef: 10
