Round: 1, Attack Type: Statistical Attack, Error: 0, Time: 0.07639122009277344, NFound: 10, Coef: 10
Round: 2, Attack Type: Statistical Attack, Error: 0, Time: 0.08696913719177246, NFound: 10, Coef: 10
