Round: 1, Attack Type: Statistical Attack, Error: 0, Time: 0.08680605888366699, NFound: 10, Coef: 10
Round: 2, Attack Type: Statistical Attack, Error: 0, Time: 0.1002359390258789, NFound: 9, Coef: 8
