Round: 1, Attack Type: Statistical Attack, Error: 0, Time: 0.09103798866271973, NFound: 5, Coef: 8
Round: 2, Attack Type: Statistical Attack, Error: 0, Time: 1.2731518745422363, NFound: 10, Coef: 10
