Round: 1, Attack Type: Statistical Attack, Error: 0, Time: 0.07691097259521484, NFound: 10, Coef: 10
Round: 2, Attack Type: Statistical Attack, Error: 0, Time: 0.07787084579467773, NFound: 10, Coef: 10
