Round: 1, Attack Type: Statistical Attack, Error: 0, Time: 0.07569098472595215, NFound: 5, Coef: 8
Round: 2, Attack Type: Statistical Attack, Error: 0, Time: 0.0814061164855957, NFound: 10, Coef: 10
