Round: 1, Attack Type: Statistical Attack, Error: 0, Time: 0.07883095741271973, NFound: 10, Coef: 10
Round: 2, Attack Type: Statistical Attack, Error: 0, Time: 0.08413314819335938, NFound: 10, Coef: 10
