Round: 1, Attack Type: Statistical Attack, Error: 0, Time: 0.06803202629089355, NFound: 10, Coef: 10
Round: 2, Attack Type: Statistical Attack, Error: 0, Time: 0.08279275894165039, NFound: 9, Coef: 8
