Round: 1, Attack Type: Statistical Attack, Error: 0, Time: 0.08055305480957031, NFound: 10, Coef: 10
Round: 2, Attack Type: Statistical Attack, Error: 0, Time: 0.08992505073547363, NFound: 10, Coef: 10
