Round: 1, Attack Type: Statistical Attack, Error: 0, Time: 0.08941483497619629, NFound: 10, Coef: 10
Round: 2, Attack Type: Statistical Attack, Error: 0, Time: 0.10576391220092773, NFound: 10, Coef: 10
