Round: 1, Attack Type: Statistical Attack, Error: 0, Time: 0.09141206741333008, NFound: 5, Coef: 8
Round: 2, Attack Type: Statistical Attack, Error: 0, Time: 0.08838224411010742, NFound: 10, Coef: 10
