Round: 1, Attack Type: Statistical Attack, Error: 0, Time: 0.07215118408203125, NFound: 10, Coef: 10
Round: 2, Attack Type: Statistical Attack, Error: 0, Time: 0.07498788833618164, NFound: 10, Coef: 10
