Round: 1, Attack Type: Statistical Attack, Error: 0, Time: 0.06528711318969727, NFound: 10, Coef: 10
Round: 2, Attack Type: Statistical Attack, Error: 0, Time: 0.06390118598937988, NFound: 10, Coef: 10
