Round: 1, Attack Type: Statistical Attack, Error: 0, Time: 0.07501387596130371, NFound: 10, Coef: 10
Round: 2, Attack Type: Statistical Attack, Error: 0, Time: 0.09380578994750977, NFound: 10, Coef: 10
