Round: 1, Attack Type: Statistical Attack, Error: 0, Time: 0.0819859504699707, NFound: 10, Coef: 10
Round: 2, Attack Type: Statistical Attack, Error: 0, Time: 0.0873112678527832, NFound: 10, Coef: 10
