Round: 1, Attack Type: Statistical Attack, Error: 0, Time: 0.06306982040405273, NFound: 10, Coef: 10
Round: 2, Attack Type: Statistical Attack, Error: 0, Time: 0.06930375099182129, NFound: 10, Coef: 10
