Round: 1, Attack Type: Statistical Attack, Error: 0, Time: 0.07639408111572266, NFound: 5, Coef: 8
Round: 2, Attack Type: Statistical Attack, Error: 0, Time: 0.07886290550231934, NFound: 10, Coef: 10
