Round: 1, Attack Type: Statistical Attack, Error: 0, Time: 0.10903692245483398, NFound: 5, Coef: 8
Round: 2, Attack Type: Statistical Attack, Error: 0, Time: 0.12634587287902832, NFound: 10, Coef: 10
