Round: 1, Attack Type: Statistical Attack, Error: 0, Time: 0.07576179504394531, NFound: 5, Coef: 8
Round: 2, Attack Type: Statistical Attack, Error: 0, Time: 0.08808708190917969, NFound: 10, Coef: 10
