Round: 1, Attack Type: Statistical Attack, Error: 0, Time: 0.05881190299987793, NFound: 10, Coef: 10
Round: 2, Attack Type: Statistical Attack, Error: 0, Time: 0.06694507598876953, NFound: 10, Coef: 10
