Round: 1, Attack Type: Statistical Attack, Error: 0, Time: 0.11714720726013184, NFound: 5, Coef: 8
Round: 2, Attack Type: Statistical Attack, Error: 0, Time: 0.12023615837097168, NFound: 10, Coef: 10
