Round: 1, Attack Type: Statistical Attack, Error: 0, Time: 0.08221697807312012, NFound: 5, Coef: 8
Round: 2, Attack Type: Statistical Attack, Error: 0, Time: 0.08266305923461914, NFound: 10, Coef: 10
