Round: 1, Attack Type: Statistical Attack, Error: 0, Time: 0.0710296630859375, NFound: 10, Coef: 10
Round: 2, Attack Type: Statistical Attack, Error: 0, Time: 0.0762319564819336, NFound: 10, Coef: 10
