Round: 1, Attack Type: Statistical Attack, Error: 0, Time: 0.0742349624633789, NFound: 10, Coef: 10
Round: 2, Attack Type: Statistical Attack, Error: 0, Time: 0.0861818790435791, NFound: 10, Coef: 10
