Round: 1, Attack Type: Statistical Attack, Error: 0, Time: 0.07110404968261719, NFound: 10, Coef: 10
Round: 2, Attack Type: Statistical Attack, Error: 0, Time: 0.0878610610961914, NFound: 10, Coef: 10
