Round: 1, Attack Type: Statistical Attack, Error: 0, Time: 0.07548809051513672, NFound: 10, Coef: 10
Round: 2, Attack Type: Statistical Attack, Error: 0, Time: 0.08793306350708008, NFound: 9, Coef: 8
