Round: 1, Attack Type: Statistical Attack, Error: 0, Time: 0.07863283157348633, NFound: 10, Coef: 10
Round: 2, Attack Type: Statistical Attack, Error: 0, Time: 0.07660984992980957, NFound: 10, Coef: 10
