Round: 1, Attack Type: Statistical Attack, Error: 0, Time: 0.0606389045715332, NFound: 10, Coef: 10
Round: 2, Attack Type: Statistical Attack, Error: 0, Time: 0.07141494750976562, NFound: 9, Coef: 8
