Round: 1, Attack Type: Statistical Attack, Error: 0, Time: 0.10522317886352539, NFound: 5, Coef: 8
Round: 2, Attack Type: Statistical Attack, Error: 0, Time: 0.10726690292358398, NFound: 10, Coef: 10
