Round: 1, Attack Type: Statistical Attack, Error: 0, Time: 0.09680700302124023, NFound: 10, Coef: 10
Round: 2, Attack Type: Statistical Attack, Error: 0, Time: 0.10503387451171875, NFound: 10, Coef: 10
