Round: 1, Attack Type: Statistical Attack, Error: 0, Time: 0.07661914825439453, NFound: 10, Coef: 10
Round: 2, Attack Type: Statistical Attack, Error: 0, Time: 0.08313775062561035, NFound: 10, Coef: 10
