Round: 1, Attack Type: Statistical Attack, Error: 0, Time: 0.06888008117675781, NFound: 10, Coef: 10
Round: 2, Attack Type: Statistical Attack, Error: 0, Time: 0.07814908027648926, NFound: 10, Coef: 10
