Round: 1, Attack Type: Statistical Attack, Error: 0, Time: 0.07556509971618652, NFound: 5, Coef: 8
Round: 2, Attack Type: Statistical Attack, Error: 0, Time: 0.09518790245056152, NFound: 10, Coef: 10
