Round: 1, Attack Type: Statistical Attack, Error: 0, Time: 0.09226202964782715, NFound: 10, Coef: 10
Round: 2, Attack Type: Statistical Attack, Error: 0, Time: 0.09120988845825195, NFound: 10, Coef: 10
