Round: 1, Attack Type: Statistical Attack, Error: 0, Time: 0.07425880432128906, NFound: 5, Coef: 8
Round: 2, Attack Type: Statistical Attack, Error: 0, Time: 0.08188629150390625, NFound: 10, Coef: 10
