Round: 1, Attack Type: Statistical Attack, Error: 0, Time: 0.08139300346374512, NFound: 10, Coef: 10
Round: 2, Attack Type: Statistical Attack, Error: 0, Time: 0.07781219482421875, NFound: 10, Coef: 10
