Round: 1, Attack Type: Statistical Attack, Error: 0, Time: 0.11205387115478516, NFound: 5, Coef: 8
Round: 2, Attack Type: Statistical Attack, Error: 0, Time: 0.11483907699584961, NFound: 10, Coef: 10
