Round: 1, Attack Type: Statistical Attack, Error: 0, Time: 0.07588577270507812, NFound: 5, Coef: 8
Round: 2, Attack Type: Statistical Attack, Error: 0, Time: 0.09134697914123535, NFound: 10, Coef: 10
