Round: 1, Attack Type: Statistical Attack, Error: 0, Time: 0.0759420394897461, NFound: 10, Coef: 10
Round: 2, Attack Type: Statistical Attack, Error: 0, Time: 0.07738327980041504, NFound: 10, Coef: 10
