Round: 1, Attack Type: Statistical Attack, Error: 0, Time: 0.06255578994750977, NFound: 5, Coef: 8
Round: 2, Attack Type: Statistical Attack, Error: 0, Time: 0.06563425064086914, NFound: 10, Coef: 10
