Round: 1, Attack Type: Statistical Attack, Error: 0, Time: 0.08089399337768555, NFound: 5, Coef: 8
Round: 2, Attack Type: Statistical Attack, Error: 0, Time: 0.12140798568725586, NFound: 10, Coef: 10
