Round: 1, Attack Type: Statistical Attack, Error: 0, Time: 0.08268094062805176, NFound: 10, Coef: 10
Round: 2, Attack Type: Statistical Attack, Error: 0, Time: 0.0853738784790039, NFound: 10, Coef: 10
