Round: 1, Attack Type: Statistical Attack, Error: 0, Time: 0.11134195327758789, NFound: 5, Coef: 8
Round: 2, Attack Type: Statistical Attack, Error: 0, Time: 0.11104202270507812, NFound: 10, Coef: 10
