Round: 1, Attack Type: Statistical Attack, Error: 0, Time: 0.0751187801361084, NFound: 5, Coef: 8
Round: 2, Attack Type: Statistical Attack, Error: 0, Time: 0.08367681503295898, NFound: 10, Coef: 10
