Round: 1, Attack Type: Statistical Attack, Error: 0, Time: 0.10601305961608887, NFound: 5, Coef: 8
Round: 2, Attack Type: Statistical Attack, Error: 0, Time: 0.10187268257141113, NFound: 10, Coef: 10
