Round: 1, Attack Type: Statistical Attack, Error: 0, Time: 0.06935787200927734, NFound: 10, Coef: 10
Round: 2, Attack Type: Statistical Attack, Error: 0, Time: 0.08237171173095703, NFound: 10, Coef: 10
