Round: 1, Attack Type: Statistical Attack, Error: 0, Time: 0.13682818412780762, NFound: 5, Coef: 8
Round: 2, Attack Type: Statistical Attack, Error: 0, Time: 0.10825490951538086, NFound: 10, Coef: 10
