Round: 1, Attack Type: Statistical Attack, Error: 0, Time: 0.07987713813781738, NFound: 10, Coef: 10
Round: 2, Attack Type: Statistical Attack, Error: 0, Time: 0.09987807273864746, NFound: 9, Coef: 8
