Round: 1, Attack Type: Statistical Attack, Error: 0, Time: 0.0979762077331543, NFound: 5, Coef: 8
Round: 2, Attack Type: Statistical Attack, Error: 0, Time: 0.11269593238830566, NFound: 10, Coef: 10
