Round: 1, Attack Type: Statistical Attack, Error: 0, Time: 0.1146230697631836, NFound: 10, Coef: 10
Round: 2, Attack Type: Statistical Attack, Error: 0, Time: 0.13982605934143066, NFound: 10, Coef: 10
