Round: 1, Attack Type: Statistical Attack, Error: 0, Time: 0.07688784599304199, NFound: 5, Coef: 8
Round: 2, Attack Type: Statistical Attack, Error: 0, Time: 0.08540606498718262, NFound: 10, Coef: 10
