Round: 1, Attack Type: Statistical Attack, Error: 0, Time: 0.08129501342773438, NFound: 5, Coef: 8
Round: 2, Attack Type: Statistical Attack, Error: 0, Time: 0.16209888458251953, NFound: 10, Coef: 10
