Round: 1, Attack Type: Statistical Attack, Error: 0, Time: 0.1405320167541504, NFound: 10, Coef: 10
Round: 2, Attack Type: Statistical Attack, Error: 0, Time: 0.14746594429016113, NFound: 10, Coef: 10
