Round: 1, Attack Type: Statistical Attack, Error: 0, Time: 0.07771015167236328, NFound: 10, Coef: 10
Round: 2, Attack Type: Statistical Attack, Error: 0, Time: 0.07747411727905273, NFound: 10, Coef: 10
