Round: 1, Attack Type: Statistical Attack, Error: 0, Time: 0.06955409049987793, NFound: 10, Coef: 10
Round: 2, Attack Type: Statistical Attack, Error: 0, Time: 0.07690811157226562, NFound: 10, Coef: 10
