Round: 1, Attack Type: Statistical Attack, Error: 0, Time: 0.08346962928771973, NFound: 5, Coef: 8
Round: 2, Attack Type: Statistical Attack, Error: 0, Time: 0.0911109447479248, NFound: 10, Coef: 10
