Round: 1, Attack Type: Statistical Attack, Error: 0, Time: 0.07253479957580566, NFound: 10, Coef: 10
Round: 2, Attack Type: Statistical Attack, Error: 0, Time: 0.09247112274169922, NFound: 10, Coef: 10
