Round: 1, Attack Type: Statistical Attack, Error: 0, Time: 0.09335589408874512, NFound: 10, Coef: 10
Round: 2, Attack Type: Statistical Attack, Error: 0, Time: 0.09672069549560547, NFound: 10, Coef: 10
