Round: 1, Attack Type: Statistical Attack, Error: 0, Time: 0.08736419677734375, NFound: 10, Coef: 10
Round: 2, Attack Type: Statistical Attack, Error: 0, Time: 0.0881648063659668, NFound: 9, Coef: 8
