Round: 1, Attack Type: Statistical Attack, Error: 0, Time: 0.07639598846435547, NFound: 5, Coef: 8
Round: 2, Attack Type: Statistical Attack, Error: 0, Time: 0.08705806732177734, NFound: 10, Coef: 10
