Round: 1, Attack Type: Statistical Attack, Error: 0, Time: 0.07790088653564453, NFound: 10, Coef: 10
Round: 2, Attack Type: Statistical Attack, Error: 0, Time: 0.08395028114318848, NFound: 10, Coef: 10
