Round: 1, Attack Type: Statistical Attack, Error: 0, Time: 0.07430386543273926, NFound: 5, Coef: 8
Round: 2, Attack Type: Statistical Attack, Error: 0, Time: 0.07177019119262695, NFound: 10, Coef: 10
