Round: 1, Attack Type: Statistical Attack, Error: 0, Time: 0.07887721061706543, NFound: 10, Coef: 10
Round: 2, Attack Type: Statistical Attack, Error: 0, Time: 0.08654284477233887, NFound: 10, Coef: 10
