Round: 1, Attack Type: Statistical Attack, Error: 0, Time: 0.0725550651550293, NFound: 10, Coef: 10
Round: 2, Attack Type: Statistical Attack, Error: 0, Time: 0.08491992950439453, NFound: 10, Coef: 10
