Round: 1, Attack Type: Statistical Attack, Error: 0, Time: 0.07367610931396484, NFound: 5, Coef: 8
Round: 2, Attack Type: Statistical Attack, Error: 0, Time: 0.07498502731323242, NFound: 10, Coef: 10
