Round: 1, Attack Type: Statistical Attack, Error: 0, Time: 0.07720088958740234, NFound: 10, Coef: 10
Round: 2, Attack Type: Statistical Attack, Error: 0, Time: 0.0806436538696289, NFound: 10, Coef: 10
