Round: 1, Attack Type: Statistical Attack, Error: 0, Time: 0.08109283447265625, NFound: 10, Coef: 10
Round: 2, Attack Type: Statistical Attack, Error: 0, Time: 0.09580087661743164, NFound: 10, Coef: 10
