Round: 1, Attack Type: Statistical Attack, Error: 0, Time: 0.07902979850769043, NFound: 5, Coef: 8
Round: 2, Attack Type: Statistical Attack, Error: 0, Time: 0.07995223999023438, NFound: 10, Coef: 10
