Round: 1, Attack Type: Statistical Attack, Error: 0, Time: 0.07529520988464355, NFound: 5, Coef: 8
Round: 2, Attack Type: Statistical Attack, Error: 0, Time: 0.07948184013366699, NFound: 10, Coef: 10
