Round: 1, Attack Type: Statistical Attack, Error: 0, Time: 0.09746098518371582, NFound: 5, Coef: 8
Round: 2, Attack Type: Statistical Attack, Error: 0, Time: 0.10466504096984863, NFound: 10, Coef: 10
