Round: 1, Attack Type: Statistical Attack, Error: 0, Time: 0.10663032531738281, NFound: 5, Coef: 8
Round: 2, Attack Type: Statistical Attack, Error: 0, Time: 0.11258983612060547, NFound: 10, Coef: 10
