Round: 1, Attack Type: Statistical Attack, Error: 0, Time: 0.08357787132263184, NFound: 5, Coef: 8
Round: 2, Attack Type: Statistical Attack, Error: 0, Time: 0.07853102684020996, NFound: 10, Coef: 10
