Round: 1, Attack Type: Statistical Attack, Error: 0, Time: 0.07849907875061035, NFound: 5, Coef: 8
Round: 2, Attack Type: Statistical Attack, Error: 0, Time: 0.09251284599304199, NFound: 9, Coef: 8
