Round: 1, Attack Type: Statistical Attack, Error: 0, Time: 0.08048772811889648, NFound: 10, Coef: 10
Round: 2, Attack Type: Statistical Attack, Error: 0, Time: 0.08368420600891113, NFound: 10, Coef: 10
