Round: 1, Attack Type: Statistical Attack, Error: 0, Time: 0.0843961238861084, NFound: 5, Coef: 8
Round: 2, Attack Type: Statistical Attack, Error: 0, Time: 0.08584022521972656, NFound: 10, Coef: 10
