Round: 1, Attack Type: Statistical Attack, Error: 0, Time: 0.0694420337677002, NFound: 5, Coef: 8
Round: 2, Attack Type: Statistical Attack, Error: 0, Time: 0.07304120063781738, NFound: 10, Coef: 10
