Round: 1, Attack Type: Statistical Attack, Error: 0, Time: 0.07196521759033203, NFound: 5, Coef: 8
Round: 2, Attack Type: Statistical Attack, Error: 0, Time: 0.0832371711730957, NFound: 10, Coef: 10
