Round: 1, Attack Type: Statistical Attack, Error: 0, Time: 0.11630797386169434, NFound: 5, Coef: 8
Round: 2, Attack Type: Statistical Attack, Error: 0, Time: 0.11730194091796875, NFound: 10, Coef: 10
