Round: 1, Attack Type: Statistical Attack, Error: 0, Time: 0.07609176635742188, NFound: 5, Coef: 8
Round: 2, Attack Type: Statistical Attack, Error: 0, Time: 0.08161020278930664, NFound: 10, Coef: 10
