Round: 1, Attack Type: Statistical Attack, Error: 0, Time: 0.08294081687927246, NFound: 5, Coef: 8
Round: 2, Attack Type: Statistical Attack, Error: 0, Time: 0.1069028377532959, NFound: 10, Coef: 10
