Round: 1, Attack Type: Statistical Attack, Error: 0, Time: 0.07724380493164062, NFound: 5, Coef: 8
Round: 2, Attack Type: Statistical Attack, Error: 0, Time: 0.08123588562011719, NFound: 10, Coef: 10
