Round: 1, Attack Type: Statistical Attack, Error: 0, Time: 0.08495521545410156, NFound: 5, Coef: 8
Round: 2, Attack Type: Statistical Attack, Error: 0, Time: 0.08349895477294922, NFound: 10, Coef: 10
