Round: 1, Attack Type: Statistical Attack, Error: 0, Time: 0.06020307540893555, NFound: 10, Coef: 10
Round: 2, Attack Type: Statistical Attack, Error: 0, Time: 0.06685519218444824, NFound: 10, Coef: 10
