Round: 1, Attack Type: Statistical Attack, Error: 0, Time: 0.06300902366638184, NFound: 5, Coef: 8
Round: 2, Attack Type: Statistical Attack, Error: 0, Time: 0.06488180160522461, NFound: 10, Coef: 10
