Round: 1, Attack Type: Statistical Attack, Error: 0, Time: 0.10363101959228516, NFound: 10, Coef: 10
Round: 2, Attack Type: Statistical Attack, Error: 0, Time: 0.11981582641601562, NFound: 9, Coef: 8
