Round: 1, Attack Type: Statistical Attack, Error: 0, Time: 0.07593178749084473, NFound: 5, Coef: 8
Round: 2, Attack Type: Statistical Attack, Error: 0, Time: 0.08578610420227051, NFound: 10, Coef: 10
