Round: 1, Attack Type: Statistical Attack, Error: 0, Time: 0.07650303840637207, NFound: 5, Coef: 8
Round: 2, Attack Type: Statistical Attack, Error: 0, Time: 0.08127498626708984, NFound: 10, Coef: 10
