Round: 1, Attack Type: Statistical Attack, Error: 0, Time: 0.07436680793762207, NFound: 10, Coef: 10
Round: 2, Attack Type: Statistical Attack, Error: 0, Time: 0.08374714851379395, NFound: 10, Coef: 10
