Round: 1, Attack Type: Statistical Attack, Error: 0, Time: 0.07339596748352051, NFound: 10, Coef: 10
Round: 2, Attack Type: Statistical Attack, Error: 0, Time: 0.0778188705444336, NFound: 10, Coef: 10
