Round: 1, Attack Type: Statistical Attack, Error: 0, Time: 0.0824439525604248, NFound: 5, Coef: 8
Round: 2, Attack Type: Statistical Attack, Error: 0, Time: 0.08491325378417969, NFound: 10, Coef: 10
