Round: 1, Attack Type: Statistical Attack, Error: 0, Time: 0.08809018135070801, NFound: 5, Coef: 8
Round: 2, Attack Type: Statistical Attack, Error: 0, Time: 0.09099698066711426, NFound: 10, Coef: 10
