Round: 1, Attack Type: Statistical Attack, Error: 0, Time: 0.0747227668762207, NFound: 10, Coef: 10
Round: 2, Attack Type: Statistical Attack, Error: 0, Time: 0.07945108413696289, NFound: 10, Coef: 10
