Round: 1, Attack Type: Statistical Attack, Error: 0, Time: 0.07059693336486816, NFound: 10, Coef: 10
Round: 2, Attack Type: Statistical Attack, Error: 0, Time: 0.08482003211975098, NFound: 10, Coef: 10
