Round: 1, Attack Type: Statistical Attack, Error: 0, Time: 0.07638382911682129, NFound: 5, Coef: 8
Round: 2, Attack Type: Statistical Attack, Error: 0, Time: 0.09388113021850586, NFound: 9, Coef: 8
