Round: 1, Attack Type: Statistical Attack, Error: 0, Time: 0.0821237564086914, NFound: 10, Coef: 10
Round: 2, Attack Type: Statistical Attack, Error: 0, Time: 0.08233523368835449, NFound: 10, Coef: 10
