Round: 1, Attack Type: Statistical Attack, Error: 0, Time: 0.05783200263977051, NFound: 10, Coef: 10
Round: 2, Attack Type: Statistical Attack, Error: 0, Time: 0.06603121757507324, NFound: 10, Coef: 10
