Round: 1, Attack Type: Statistical Attack, Error: 0, Time: 0.11307907104492188, NFound: 10, Coef: 10
Round: 2, Attack Type: Statistical Attack, Error: 0, Time: 0.11226201057434082, NFound: 9, Coef: 8
