Round: 1, Attack Type: Statistical Attack, Error: 0, Time: 0.07585883140563965, NFound: 5, Coef: 8
Round: 2, Attack Type: Statistical Attack, Error: 0, Time: 0.08040189743041992, NFound: 10, Coef: 10
