Round: 1, Attack Type: Statistical Attack, Error: 0, Time: 0.07609200477600098, NFound: 5, Coef: 8
Round: 2, Attack Type: Statistical Attack, Error: 0, Time: 0.0910029411315918, NFound: 10, Coef: 10
