Round: 1, Attack Type: Statistical Attack, Error: 0, Time: 0.06461215019226074, NFound: 5, Coef: 8
Round: 2, Attack Type: Statistical Attack, Error: 0, Time: 0.06957507133483887, NFound: 10, Coef: 10
