Round: 1, Attack Type: Statistical Attack, Error: 0, Time: 0.06123018264770508, NFound: 10, Coef: 10
Round: 2, Attack Type: Statistical Attack, Error: 0, Time: 0.06778502464294434, NFound: 10, Coef: 10
