Round: 1, Attack Type: Statistical Attack, Error: 0, Time: 0.05897712707519531, NFound: 10, Coef: 10
Round: 2, Attack Type: Statistical Attack, Error: 0, Time: 0.06690287590026855, NFound: 10, Coef: 10
