Round: 1, Attack Type: Statistical Attack, Error: 0, Time: 0.07297396659851074, NFound: 5, Coef: 8
Round: 2, Attack Type: Statistical Attack, Error: 0, Time: 0.08437490463256836, NFound: 9, Coef: 8
