Round: 1, Attack Type: Statistical Attack, Error: 0, Time: 0.09436798095703125, NFound: 10, Coef: 10
Round: 2, Attack Type: Statistical Attack, Error: 0, Time: 0.10106801986694336, NFound: 10, Coef: 10
