Round: 1, Attack Type: Statistical Attack, Error: 0, Time: 0.06487178802490234, NFound: 10, Coef: 10
Round: 2, Attack Type: Statistical Attack, Error: 0, Time: 0.07031106948852539, NFound: 10, Coef: 10
