Round: 1, Attack Type: Statistical Attack, Error: 0, Time: 0.09370017051696777, NFound: 10, Coef: 10
Round: 2, Attack Type: Statistical Attack, Error: 0, Time: 0.11080503463745117, NFound: 9, Coef: 8
