Round: 1, Attack Type: Statistical Attack, Error: 0, Time: 0.09729790687561035, NFound: 5, Coef: 8
Round: 2, Attack Type: Statistical Attack, Error: 0, Time: 0.09601879119873047, NFound: 10, Coef: 10
