Round: 1, Attack Type: Statistical Attack, Error: 0, Time: 0.07792305946350098, NFound: 10, Coef: 10
Round: 2, Attack Type: Statistical Attack, Error: 0, Time: 0.08274722099304199, NFound: 10, Coef: 10
