Round: 1, Attack Type: Statistical Attack, Error: 0, Time: 0.08301115036010742, NFound: 10, Coef: 10
Round: 2, Attack Type: Statistical Attack, Error: 0, Time: 0.08284497261047363, NFound: 10, Coef: 10
