Round: 1, Attack Type: Statistical Attack, Error: 0, Time: 0.07621312141418457, NFound: 5, Coef: 8
Round: 2, Attack Type: Statistical Attack, Error: 0, Time: 0.08050298690795898, NFound: 10, Coef: 10
