Round: 1, Attack Type: Statistical Attack, Error: 0, Time: 0.07625293731689453, NFound: 5, Coef: 8
Round: 2, Attack Type: Statistical Attack, Error: 0, Time: 0.07954692840576172, NFound: 10, Coef: 10
