Round: 1, Attack Type: Statistical Attack, Error: 0, Time: 0.09188199043273926, NFound: 5, Coef: 8
Round: 2, Attack Type: Statistical Attack, Error: 0, Time: 0.0900430679321289, NFound: 10, Coef: 10
