Round: 1, Attack Type: Statistical Attack, Error: 0, Time: 0.07281374931335449, NFound: 10, Coef: 10
Round: 2, Attack Type: Statistical Attack, Error: 0, Time: 0.08975100517272949, NFound: 9, Coef: 8
