Round: 1, Attack Type: Statistical Attack, Error: 0, Time: 0.09519410133361816, NFound: 5, Coef: 8
Round: 2, Attack Type: Statistical Attack, Error: 0, Time: 0.10294079780578613, NFound: 10, Coef: 10
