Round: 1, Attack Type: Statistical Attack, Error: 0, Time: 0.07731413841247559, NFound: 10, Coef: 10
Round: 2, Attack Type: Statistical Attack, Error: 0, Time: 0.06882977485656738, NFound: 10, Coef: 10
