Round: 1, Attack Type: Statistical Attack, Error: 0, Time: 0.08980989456176758, NFound: 5, Coef: 8
Round: 2, Attack Type: Statistical Attack, Error: 0, Time: 0.09034204483032227, NFound: 10, Coef: 10
