Round: 1, Attack Type: Statistical Attack, Error: 0, Time: 0.08409285545349121, NFound: 10, Coef: 10
Round: 2, Attack Type: Statistical Attack, Error: 0, Time: 0.07393693923950195, NFound: 10, Coef: 10
