Round: 1, Attack Type: Statistical Attack, Error: 0, Time: 0.07441496849060059, NFound: 5, Coef: 8
Round: 2, Attack Type: Statistical Attack, Error: 0, Time: 0.09173703193664551, NFound: 10, Coef: 10
