Round: 1, Attack Type: Statistical Attack, Error: 0, Time: 0.10680913925170898, NFound: 10, Coef: 10
Round: 2, Attack Type: Statistical Attack, Error: 0, Time: 0.11738419532775879, NFound: 10, Coef: 10
