Round: 1, Attack Type: Statistical Attack, Error: 0, Time: 0.08344101905822754, NFound: 10, Coef: 10
Round: 2, Attack Type: Statistical Attack, Error: 0, Time: 0.09641003608703613, NFound: 10, Coef: 10
