Round: 1, Attack Type: Statistical Attack, Error: 0, Time: 0.11925601959228516, NFound: 10, Coef: 10
Round: 2, Attack Type: Statistical Attack, Error: 0, Time: 0.10277104377746582, NFound: 10, Coef: 10
