Round: 1, Attack Type: Statistical Attack, Error: 0, Time: 0.06699800491333008, NFound: 10, Coef: 10
Round: 2, Attack Type: Statistical Attack, Error: 0, Time: 0.08140015602111816, NFound: 10, Coef: 10
