Round: 1, Attack Type: Statistical Attack, Error: 0, Time: 0.0782928466796875, NFound: 5, Coef: 8
Round: 2, Attack Type: Statistical Attack, Error: 0, Time: 0.08325409889221191, NFound: 10, Coef: 10
