Round: 1, Attack Type: Statistical Attack, Error: 0, Time: 0.07804393768310547, NFound: 10, Coef: 10
Round: 2, Attack Type: Statistical Attack, Error: 0, Time: 0.08879995346069336, NFound: 9, Coef: 8
