Round: 1, Attack Type: Statistical Attack, Error: 0, Time: 0.06488609313964844, NFound: 5, Coef: 8
Round: 2, Attack Type: Statistical Attack, Error: 0, Time: 0.06963109970092773, NFound: 10, Coef: 10
