Round: 1, Attack Type: Statistical Attack, Error: 0, Time: 0.07385802268981934, NFound: 10, Coef: 10
Round: 2, Attack Type: Statistical Attack, Error: 0, Time: 0.0751640796661377, NFound: 10, Coef: 10
