Round: 1, Attack Type: Statistical Attack, Error: 0, Time: 0.07488203048706055, NFound: 10, Coef: 10
Round: 2, Attack Type: Statistical Attack, Error: 0, Time: 0.08752632141113281, NFound: 9, Coef: 8
