Round: 1, Attack Type: Statistical Attack, Error: 0, Time: 0.07918787002563477, NFound: 5, Coef: 8
Round: 2, Attack Type: Statistical Attack, Error: 0, Time: 0.0783531665802002, NFound: 10, Coef: 10
