Round: 1, Attack Type: Statistical Attack, Error: 0, Time: 0.08362507820129395, NFound: 10, Coef: 10
Round: 2, Attack Type: Statistical Attack, Error: 0, Time: 0.09139895439147949, NFound: 10, Coef: 10
