Round: 1, Attack Type: Statistical Attack, Error: 0, Time: 0.0738370418548584, NFound: 10, Coef: 10
Round: 2, Attack Type: Statistical Attack, Error: 0, Time: 0.07267880439758301, NFound: 10, Coef: 10
