Round: 1, Attack Type: Statistical Attack, Error: 0, Time: 0.10460782051086426, NFound: 10, Coef: 10
Round: 2, Attack Type: Statistical Attack, Error: 0, Time: 0.09930014610290527, NFound: 10, Coef: 10
