Round: 1, Attack Type: Statistical Attack, Error: 0, Time: 0.08199381828308105, NFound: 5, Coef: 8
Round: 2, Attack Type: Statistical Attack, Error: 0, Time: 0.07771492004394531, NFound: 10, Coef: 10
