Round: 1, Attack Type: Statistical Attack, Error: 0, Time: 0.08115696907043457, NFound: 5, Coef: 8
Round: 2, Attack Type: Statistical Attack, Error: 0, Time: 0.08657693862915039, NFound: 9, Coef: 8
