Round: 1, Attack Type: Statistical Attack, Error: 0, Time: 0.06755185127258301, NFound: 5, Coef: 8
Round: 2, Attack Type: Statistical Attack, Error: 0, Time: 0.07465696334838867, NFound: 10, Coef: 10
