Round: 1, Attack Type: Statistical Attack, Error: 0, Time: 0.07654285430908203, NFound: 5, Coef: 8
Round: 2, Attack Type: Statistical Attack, Error: 0, Time: 0.08344101905822754, NFound: 10, Coef: 10
