Round: 1, Attack Type: Statistical Attack, Error: 0, Time: 0.09088301658630371, NFound: 10, Coef: 10
Round: 2, Attack Type: Statistical Attack, Error: 0, Time: 0.10286903381347656, NFound: 10, Coef: 10
