Round: 1, Attack Type: Statistical Attack, Error: 0, Time: 0.16028499603271484, NFound: 9, Coef: 9
Round: 2, Attack Type: Statistical Attack, Error: 0, Time: 0.1135110855102539, NFound: 10, Coef: 10
