Round: 1, Attack Type: Statistical Attack, Error: 0, Time: 0.07828521728515625, NFound: 10, Coef: 10
Round: 2, Attack Type: Statistical Attack, Error: 0, Time: 0.08257889747619629, NFound: 10, Coef: 10
