Round: 1, Attack Type: Statistical Attack, Error: 0, Time: 0.09173321723937988, NFound: 5, Coef: 8
Round: 2, Attack Type: Statistical Attack, Error: 0, Time: 0.09428930282592773, NFound: 10, Coef: 10
