Round: 1, Attack Type: Statistical Attack, Error: 0, Time: 0.08371567726135254, NFound: 5, Coef: 8
Round: 2, Attack Type: Statistical Attack, Error: 0, Time: 0.09341907501220703, NFound: 10, Coef: 10
