Round: 1, Attack Type: Statistical Attack, Error: 0, Time: 0.17374897003173828, NFound: 10, Coef: 10
Round: 2, Attack Type: Statistical Attack, Error: 0, Time: 0.13662195205688477, NFound: 10, Coef: 10
