Round: 1, Attack Type: Statistical Attack, Error: 0, Time: 0.06431722640991211, NFound: 5, Coef: 8
Round: 2, Attack Type: Statistical Attack, Error: 0, Time: 0.07018613815307617, NFound: 10, Coef: 10
