Round: 1, Attack Type: Statistical Attack, Error: 0, Time: 0.0727379322052002, NFound: 5, Coef: 8
Round: 2, Attack Type: Statistical Attack, Error: 0, Time: 0.08625102043151855, NFound: 10, Coef: 10
