Round: 1, Attack Type: Statistical Attack, Error: 0, Time: 0.06538224220275879, NFound: 10, Coef: 10
Round: 2, Attack Type: Statistical Attack, Error: 0, Time: 0.07075357437133789, NFound: 10, Coef: 10
