Round: 1, Attack Type: Statistical Attack, Error: 0, Time: 0.06811904907226562, NFound: 5, Coef: 8
Round: 2, Attack Type: Statistical Attack, Error: 0, Time: 0.06539535522460938, NFound: 10, Coef: 10
