Round: 1, Attack Type: Statistical Attack, Error: 0, Time: 0.08034276962280273, NFound: 10, Coef: 10
Round: 2, Attack Type: Statistical Attack, Error: 0, Time: 0.09087395668029785, NFound: 10, Coef: 10
