Round: 1, Attack Type: Statistical Attack, Error: 0, Time: 0.0977482795715332, NFound: 5, Coef: 8
Round: 2, Attack Type: Statistical Attack, Error: 0, Time: 0.09606003761291504, NFound: 10, Coef: 10
