Round: 1, Attack Type: Statistical Attack, Error: 0, Time: 0.07596302032470703, NFound: 10, Coef: 10
Round: 2, Attack Type: Statistical Attack, Error: 0, Time: 0.08466529846191406, NFound: 10, Coef: 10
