Round: 1, Attack Type: Statistical Attack, Error: 0, Time: 0.07628321647644043, NFound: 10, Coef: 10
Round: 2, Attack Type: Statistical Attack, Error: 0, Time: 0.08130288124084473, NFound: 10, Coef: 10
