Round: 1, Attack Type: Statistical Attack, Error: 0, Time: 0.07387399673461914, NFound: 5, Coef: 8
Round: 2, Attack Type: Statistical Attack, Error: 0, Time: 0.07585406303405762, NFound: 10, Coef: 10
