Round: 1, Attack Type: Statistical Attack, Error: 0, Time: 0.08967924118041992, NFound: 10, Coef: 10
Round: 2, Attack Type: Statistical Attack, Error: 0, Time: 0.0796961784362793, NFound: 10, Coef: 10
