Round: 1, Attack Type: Statistical Attack, Error: 0, Time: 0.0945899486541748, NFound: 10, Coef: 10
Round: 2, Attack Type: Statistical Attack, Error: 0, Time: 0.10222673416137695, NFound: 10, Coef: 10
