Round: 1, Attack Type: Statistical Attack, Error: 0, Time: 0.07699322700500488, NFound: 5, Coef: 8
Round: 2, Attack Type: Statistical Attack, Error: 0, Time: 0.08163690567016602, NFound: 10, Coef: 10
