Round: 1, Attack Type: Statistical Attack, Error: 0, Time: 0.09762406349182129, NFound: 10, Coef: 10
Round: 2, Attack Type: Statistical Attack, Error: 0, Time: 0.09879684448242188, NFound: 10, Coef: 10
