Round: 1, Attack Type: Statistical Attack, Error: 0, Time: 0.09735488891601562, NFound: 10, Coef: 10
Round: 2, Attack Type: Statistical Attack, Error: 0, Time: 0.1094508171081543, NFound: 10, Coef: 10
