Round: 1, Attack Type: Statistical Attack, Error: 0, Time: 0.08122491836547852, NFound: 10, Coef: 10
Round: 2, Attack Type: Statistical Attack, Error: 0, Time: 0.07700872421264648, NFound: 10, Coef: 10
