Round: 1, Attack Type: Statistical Attack, Error: 0, Time: 0.07377886772155762, NFound: 10, Coef: 10
Round: 2, Attack Type: Statistical Attack, Error: 0, Time: 0.0845177173614502, NFound: 10, Coef: 10
