Round: 1, Attack Type: Statistical Attack, Error: 0, Time: 0.07780289649963379, NFound: 5, Coef: 8
Round: 2, Attack Type: Statistical Attack, Error: 0, Time: 0.08145499229431152, NFound: 10, Coef: 10
