Round: 1, Attack Type: Statistical Attack, Error: 0, Time: 0.09677600860595703, NFound: 5, Coef: 8
Round: 2, Attack Type: Statistical Attack, Error: 0, Time: 0.10907292366027832, NFound: 10, Coef: 10
