Round: 1, Attack Type: Statistical Attack, Error: 0, Time: 0.07651495933532715, NFound: 10, Coef: 10
Round: 2, Attack Type: Statistical Attack, Error: 0, Time: 0.07847428321838379, NFound: 10, Coef: 10
