Round: 1, Attack Type: Statistical Attack, Error: 0, Time: 0.09035491943359375, NFound: 5, Coef: 8
Round: 2, Attack Type: Statistical Attack, Error: 0, Time: 0.09498023986816406, NFound: 10, Coef: 10
