Round: 1, Attack Type: Statistical Attack, Error: 0, Time: 0.0841209888458252, NFound: 10, Coef: 10
Round: 2, Attack Type: Statistical Attack, Error: 0, Time: 0.09015107154846191, NFound: 10, Coef: 10
