Round: 1, Attack Type: Statistical Attack, Error: 0, Time: 0.08052611351013184, NFound: 5, Coef: 8
Round: 2, Attack Type: Statistical Attack, Error: 0, Time: 0.08951115608215332, NFound: 9, Coef: 8
