Round: 1, Attack Type: Statistical Attack, Error: 0, Time: 0.07904672622680664, NFound: 5, Coef: 8
Round: 2, Attack Type: Statistical Attack, Error: 0, Time: 0.07244062423706055, NFound: 10, Coef: 10
