Round: 1, Attack Type: Statistical Attack, Error: 0, Time: 0.07705974578857422, NFound: 5, Coef: 8
Round: 2, Attack Type: Statistical Attack, Error: 0, Time: 0.08756875991821289, NFound: 10, Coef: 10
