Round: 1, Attack Type: Statistical Attack, Error: 0, Time: 0.06893277168273926, NFound: 10, Coef: 10
Round: 2, Attack Type: Statistical Attack, Error: 0, Time: 0.08121705055236816, NFound: 10, Coef: 10
