Round: 1, Attack Type: Statistical Attack, Error: 0, Time: 0.0764462947845459, NFound: 10, Coef: 10
Round: 2, Attack Type: Statistical Attack, Error: 0, Time: 0.07562971115112305, NFound: 10, Coef: 10
