Round: 1, Attack Type: Statistical Attack, Error: 0, Time: 0.09832310676574707, NFound: 5, Coef: 8
Round: 2, Attack Type: Statistical Attack, Error: 0, Time: 0.10226011276245117, NFound: 10, Coef: 10
