Round: 1, Attack Type: Statistical Attack, Error: 0, Time: 0.08700013160705566, NFound: 10, Coef: 10
Round: 2, Attack Type: Statistical Attack, Error: 0, Time: 0.10241007804870605, NFound: 10, Coef: 10
