Round: 1, Attack Type: Statistical Attack, Error: 0, Time: 0.07808279991149902, NFound: 5, Coef: 8
Round: 2, Attack Type: Statistical Attack, Error: 0, Time: 0.08606910705566406, NFound: 10, Coef: 10
