Round: 1, Attack Type: Statistical Attack, Error: 0, Time: 0.059621334075927734, NFound: 5, Coef: 8
Round: 2, Attack Type: Statistical Attack, Error: 0, Time: 0.07074785232543945, NFound: 10, Coef: 10
