Round: 1, Attack Type: Statistical Attack, Error: 0, Time: 0.08549809455871582, NFound: 10, Coef: 10
Round: 2, Attack Type: Statistical Attack, Error: 0, Time: 0.10046696662902832, NFound: 10, Coef: 10
