Round: 1, Attack Type: Statistical Attack, Error: 0, Time: 0.08123183250427246, NFound: 5, Coef: 8
Round: 2, Attack Type: Statistical Attack, Error: 0, Time: 0.08115506172180176, NFound: 10, Coef: 10
