Round: 1, Attack Type: Statistical Attack, Error: 0, Time: 0.09071588516235352, NFound: 5, Coef: 8
Round: 2, Attack Type: Statistical Attack, Error: 0, Time: 0.11267805099487305, NFound: 10, Coef: 10
