Round: 1, Attack Type: Statistical Attack, Error: 0, Time: 0.09641098976135254, NFound: 10, Coef: 10
Round: 2, Attack Type: Statistical Attack, Error: 0, Time: 0.10387992858886719, NFound: 10, Coef: 10
