Round: 1, Attack Type: Statistical Attack, Error: 0, Time: 0.07573676109313965, NFound: 5, Coef: 8
Round: 2, Attack Type: Statistical Attack, Error: 0, Time: 0.0853428840637207, NFound: 10, Coef: 10
