Round: 1, Attack Type: Statistical Attack, Error: 0, Time: 0.0789802074432373, NFound: 5, Coef: 8
Round: 2, Attack Type: Statistical Attack, Error: 0, Time: 0.08262395858764648, NFound: 10, Coef: 10
