Round: 1, Attack Type: Statistical Attack, Error: 0, Time: 0.07493805885314941, NFound: 5, Coef: 8
Round: 2, Attack Type: Statistical Attack, Error: 0, Time: 0.08255934715270996, NFound: 10, Coef: 10
