Round: 1, Attack Type: Statistical Attack, Error: 0, Time: 0.07204890251159668, NFound: 5, Coef: 8
Round: 2, Attack Type: Statistical Attack, Error: 0, Time: 0.07834696769714355, NFound: 10, Coef: 10
