Round: 1, Attack Type: Statistical Attack, Error: 0, Time: 0.08000493049621582, NFound: 5, Coef: 8
Round: 2, Attack Type: Statistical Attack, Error: 0, Time: 0.07500195503234863, NFound: 10, Coef: 10
