Round: 1, Attack Type: Statistical Attack, Error: 0, Time: 0.06429386138916016, NFound: 5, Coef: 8
Round: 2, Attack Type: Statistical Attack, Error: 0, Time: 0.06685209274291992, NFound: 10, Coef: 10
