Round: 1, Attack Type: Statistical Attack, Error: 0, Time: 0.1006021499633789, NFound: 5, Coef: 8
Round: 2, Attack Type: Statistical Attack, Error: 0, Time: 0.08141183853149414, NFound: 10, Coef: 10
