Round: 1, Attack Type: Statistical Attack, Error: 0, Time: 0.11094975471496582, NFound: 5, Coef: 8
Round: 2, Attack Type: Statistical Attack, Error: 0, Time: 0.10957002639770508, NFound: 10, Coef: 10
