Round: 1, Attack Type: Statistical Attack, Error: 0, Time: 0.06124114990234375, NFound: 10, Coef: 10
Round: 2, Attack Type: Statistical Attack, Error: 0, Time: 0.07470393180847168, NFound: 10, Coef: 10
