Round: 1, Attack Type: Statistical Attack, Error: 0, Time: 0.09032702445983887, NFound: 5, Coef: 8
Round: 2, Attack Type: Statistical Attack, Error: 0, Time: 0.10366177558898926, NFound: 10, Coef: 10
