Round: 1, Attack Type: Statistical Attack, Error: 0, Time: 0.07235288619995117, NFound: 10, Coef: 10
Round: 2, Attack Type: Statistical Attack, Error: 0, Time: 0.08786582946777344, NFound: 9, Coef: 8
