Round: 1, Attack Type: Statistical Attack, Error: 0, Time: 0.08715605735778809, NFound: 5, Coef: 8
Round: 2, Attack Type: Statistical Attack, Error: 0, Time: 0.08206987380981445, NFound: 10, Coef: 10
