Round: 1, Attack Type: Statistical Attack, Error: 0, Time: 0.08565497398376465, NFound: 5, Coef: 8
Round: 2, Attack Type: Statistical Attack, Error: 0, Time: 0.10077190399169922, NFound: 10, Coef: 10
