Round: 1, Attack Type: Statistical Attack, Error: 0, Time: 0.07081174850463867, NFound: 10, Coef: 10
Round: 2, Attack Type: Statistical Attack, Error: 0, Time: 0.0797719955444336, NFound: 10, Coef: 10
