Round: 1, Attack Type: Statistical Attack, Error: 0, Time: 0.08507394790649414, NFound: 10, Coef: 10
Round: 2, Attack Type: Statistical Attack, Error: 0, Time: 0.09115815162658691, NFound: 10, Coef: 10
