Round: 1, Attack Type: Statistical Attack, Error: 0, Time: 0.08423900604248047, NFound: 10, Coef: 10
Round: 2, Attack Type: Statistical Attack, Error: 0, Time: 0.08162260055541992, NFound: 10, Coef: 10
