Round: 1, Attack Type: Statistical Attack, Error: 0, Time: 0.1011350154876709, NFound: 10, Coef: 10
Round: 2, Attack Type: Statistical Attack, Error: 0, Time: 0.10410499572753906, NFound: 10, Coef: 10
