Round: 1, Attack Type: Statistical Attack, Error: 0, Time: 0.10080432891845703, NFound: 5, Coef: 8
Round: 2, Attack Type: Statistical Attack, Error: 0, Time: 0.10332512855529785, NFound: 10, Coef: 10
