Round: 1, Attack Type: Statistical Attack, Error: 0, Time: 0.1046750545501709, NFound: 5, Coef: 8
Round: 2, Attack Type: Statistical Attack, Error: 0, Time: 0.10697698593139648, NFound: 9, Coef: 8
