Round: 1, Attack Type: Statistical Attack, Error: 0, Time: 0.07643437385559082, NFound: 10, Coef: 10
Round: 2, Attack Type: Statistical Attack, Error: 0, Time: 0.08823704719543457, NFound: 10, Coef: 10
