Round: 1, Attack Type: Statistical Attack, Error: 0, Time: 0.07793807983398438, NFound: 10, Coef: 10
Round: 2, Attack Type: Statistical Attack, Error: 0, Time: 0.07754707336425781, NFound: 10, Coef: 10
