Round: 1, Attack Type: Statistical Attack, Error: 0, Time: 0.07577896118164062, NFound: 9, Coef: 8
Round: 2, Attack Type: Statistical Attack, Error: 0, Time: 0.08178997039794922, NFound: 10, Coef: 10
