Round: 1, Attack Type: Statistical Attack, Error: 0, Time: 0.07587003707885742, NFound: 10, Coef: 10
Round: 2, Attack Type: Statistical Attack, Error: 0, Time: 0.0836029052734375, NFound: 10, Coef: 10
