Round: 1, Attack Type: Statistical Attack, Error: 0, Time: 0.08842015266418457, NFound: 10, Coef: 10
Round: 2, Attack Type: Statistical Attack, Error: 0, Time: 0.09713482856750488, NFound: 10, Coef: 10
