Round: 1, Attack Type: Statistical Attack, Error: 0, Time: 0.07893681526184082, NFound: 5, Coef: 8
Round: 2, Attack Type: Statistical Attack, Error: 0, Time: 0.08212685585021973, NFound: 10, Coef: 10
