Round: 1, Attack Type: Statistical Attack, Error: 0, Time: 0.07164287567138672, NFound: 10, Coef: 10
Round: 2, Attack Type: Statistical Attack, Error: 0, Time: 0.08463501930236816, NFound: 10, Coef: 10
