Round: 1, Attack Type: Statistical Attack, Error: 0, Time: 0.12437200546264648, NFound: 10, Coef: 10
Round: 2, Attack Type: Statistical Attack, Error: 0, Time: 0.13225722312927246, NFound: 10, Coef: 10
