Round: 1, Attack Type: Statistical Attack, Error: 0, Time: 0.07386493682861328, NFound: 5, Coef: 8
Round: 2, Attack Type: Statistical Attack, Error: 0, Time: 0.0841832160949707, NFound: 10, Coef: 10
