Round: 1, Attack Type: Statistical Attack, Error: 0, Time: 0.058112144470214844, NFound: 10, Coef: 10
Round: 2, Attack Type: Statistical Attack, Error: 0, Time: 0.07100105285644531, NFound: 10, Coef: 10
