Round: 1, Attack Type: Statistical Attack, Error: 0, Time: 0.07594513893127441, NFound: 10, Coef: 10
Round: 2, Attack Type: Statistical Attack, Error: 0, Time: 0.07525205612182617, NFound: 10, Coef: 10
