Round: 1, Attack Type: Statistical Attack, Error: 0, Time: 0.08076596260070801, NFound: 10, Coef: 10
Round: 2, Attack Type: Statistical Attack, Error: 0, Time: 0.08320784568786621, NFound: 9, Coef: 8
