Round: 1, Attack Type: Statistical Attack, Error: 0, Time: 0.07464981079101562, NFound: 10, Coef: 10
Round: 2, Attack Type: Statistical Attack, Error: 0, Time: 0.07423877716064453, NFound: 10, Coef: 10
