Round: 1, Attack Type: Statistical Attack, Error: 0, Time: 0.06992411613464355, NFound: 5, Coef: 8
Round: 2, Attack Type: Statistical Attack, Error: 0, Time: 0.08140993118286133, NFound: 10, Coef: 10
