Round: 1, Attack Type: Statistical Attack, Error: 0, Time: 0.07549524307250977, NFound: 9, Coef: 8
Round: 2, Attack Type: Statistical Attack, Error: 0, Time: 0.07694721221923828, NFound: 10, Coef: 10
