Round: 1, Attack Type: Statistical Attack, Error: 0, Time: 0.05776214599609375, NFound: 10, Coef: 10
Round: 2, Attack Type: Statistical Attack, Error: 0, Time: 0.07007694244384766, NFound: 10, Coef: 10
