Round: 1, Attack Type: Statistical Attack, Error: 0, Time: 0.09445786476135254, NFound: 10, Coef: 10
Round: 2, Attack Type: Statistical Attack, Error: 0, Time: 0.09243083000183105, NFound: 10, Coef: 10
