Round: 1, Attack Type: Statistical Attack, Error: 0, Time: 0.07947015762329102, NFound: 10, Coef: 10
Round: 2, Attack Type: Statistical Attack, Error: 0, Time: 0.07820510864257812, NFound: 10, Coef: 10
