Round: 1, Attack Type: Statistical Attack, Error: 0, Time: 0.08886384963989258, NFound: 10, Coef: 10
Round: 2, Attack Type: Statistical Attack, Error: 0, Time: 0.09039497375488281, NFound: 10, Coef: 10
