Round: 1, Attack Type: Statistical Attack, Error: 0, Time: 0.09643006324768066, NFound: 5, Coef: 8
Round: 2, Attack Type: Statistical Attack, Error: 0, Time: 0.09270119667053223, NFound: 10, Coef: 10
