Round: 1, Attack Type: Statistical Attack, Error: 0, Time: 0.07824110984802246, NFound: 10, Coef: 10
Round: 2, Attack Type: Statistical Attack, Error: 0, Time: 0.07840633392333984, NFound: 10, Coef: 10
