Round: 1, Attack Type: Statistical Attack, Error: 0, Time: 0.060500144958496094, NFound: 10, Coef: 10
Round: 2, Attack Type: Statistical Attack, Error: 0, Time: 0.06558108329772949, NFound: 10, Coef: 10
