Round: 1, Attack Type: Statistical Attack, Error: 0, Time: 0.07505488395690918, NFound: 10, Coef: 10
Round: 2, Attack Type: Statistical Attack, Error: 0, Time: 0.08535003662109375, NFound: 10, Coef: 10
