Round: 1, Attack Type: Statistical Attack, Error: 0, Time: 0.08288788795471191, NFound: 10, Coef: 10
Round: 2, Attack Type: Statistical Attack, Error: 0, Time: 0.09715008735656738, NFound: 10, Coef: 10
