Round: 1, Attack Type: Statistical Attack, Error: 0, Time: 0.079376220703125, NFound: 5, Coef: 8
Round: 2, Attack Type: Statistical Attack, Error: 0, Time: 0.07757902145385742, NFound: 10, Coef: 10
