Round: 1, Attack Type: Statistical Attack, Error: 0, Time: 0.09633088111877441, NFound: 10, Coef: 10
Round: 2, Attack Type: Statistical Attack, Error: 0, Time: 0.08235502243041992, NFound: 10, Coef: 10
