Round: 1, Attack Type: Statistical Attack, Error: 0, Time: 0.07543396949768066, NFound: 9, Coef: 9
Round: 2, Attack Type: Statistical Attack, Error: 0, Time: 0.08862829208374023, NFound: 10, Coef: 10
