Round: 1, Attack Type: Statistical Attack, Error: 0, Time: 0.06940388679504395, NFound: 5, Coef: 8
Round: 2, Attack Type: Statistical Attack, Error: 0, Time: 0.10046100616455078, NFound: 10, Coef: 10
