Round: 1, Attack Type: Statistical Attack, Error: 0, Time: 0.07511615753173828, NFound: 10, Coef: 10
Round: 2, Attack Type: Statistical Attack, Error: 0, Time: 0.08208203315734863, NFound: 10, Coef: 10
