Round: 1, Attack Type: Statistical Attack, Error: 0, Time: 0.11940693855285645, NFound: 5, Coef: 8
Round: 2, Attack Type: Statistical Attack, Error: 0, Time: 0.12380003929138184, NFound: 10, Coef: 10
