Round: 1, Attack Type: Statistical Attack, Error: 0, Time: 0.06785392761230469, NFound: 10, Coef: 10
Round: 2, Attack Type: Statistical Attack, Error: 0, Time: 0.09168386459350586, NFound: 10, Coef: 10
