Round: 1, Attack Type: Statistical Attack, Error: 0, Time: 0.06555700302124023, NFound: 5, Coef: 8
Round: 2, Attack Type: Statistical Attack, Error: 0, Time: 0.06724715232849121, NFound: 10, Coef: 10
