Round: 1, Attack Type: Statistical Attack, Error: 0, Time: 0.08299016952514648, NFound: 10, Coef: 10
Round: 2, Attack Type: Statistical Attack, Error: 0, Time: 0.08785271644592285, NFound: 10, Coef: 10
