Round: 1, Attack Type: Statistical Attack, Error: 0, Time: 0.08319902420043945, NFound: 5, Coef: 8
Round: 2, Attack Type: Statistical Attack, Error: 0, Time: 0.07832694053649902, NFound: 10, Coef: 10
