Round: 1, Attack Type: Statistical Attack, Error: 0, Time: 0.13432526588439941, NFound: 5, Coef: 8
Round: 2, Attack Type: Statistical Attack, Error: 0, Time: 0.11569881439208984, NFound: 10, Coef: 10
